Accel_XYZ_Syncro = [21 -30 972 
20 -23 977 
20 -26 978 
13 -34 983 
16 -37 984 
18 -38 986 
19 -41 985 
22 -44 988 
21 -40 993 
18 -40 990 
17 -47 984 
21 -44 987 
14 -39 991 
19 -29 978 
14 -34 980 
22 -20 965 
11 -30 981 
14 -31 974 
11 -28 984 
10 -33 974 
17 -26 975 
19 -28 978 
24 -21 983 
18 -25 991 
13 -20 989 
13 -22 998 
13 -27 1002 
17 -13 1004 
17 -16 996 
17 -17 1002 
20 -11 1000 
22 -12 1002 
18 -15 997 
12 -24 997 
14 -33 990 
14 -48 984 
13 -40 973 
20 -39 955 
18 -31 945 
19 -13 938 
17 -3 940 
14 1 937 
22 -9 948 
14 -14 954 
16 -26 974 
14 -30 998 
10 -22 1006 
9 -25 1012 
12 -26 1024 
11 -14 1013 
10 -11 1017 
12 -10 1010 
19 -10 1005 
19 -18 995 
18 -24 993 
16 -37 993 
12 -42 982 
22 -35 987 
22 -37 967 
23 -31 964 
21 -30 960 
18 -30 960 
21 -24 965 
16 -23 974 
14 -19 978 
11 -29 990 
14 -27 999 
15 -26 992 
19 -27 988 
15 -27 994 
14 -30 989 
15 -18 994 
12 -16 993 
17 -21 977 
17 -19 970 
17 -30 975 
15 -24 959 
22 -34 951 
17 -29 962 
16 -20 964 
10 -12 971 
14 -13 978 
9 -7 989 
15 -10 998 
16 -12 1011 
15 -23 1030 
5 -38 1030 
10 -44 1029 
9 -43 1026 
5 -42 1023 
15 -33 999 
13 -24 976 
14 -15 962 
16 -1 955 
13 -5 947 
17 -13 956 
16 -8 954 
3 -18 959 
12 -17 968 
9 -17 974 
12 -25 974 
16 -23 973 
20 -21 974 
18 -27 986 
19 -27 977 
23 -37 986 
10 -35 983 
14 -34 984 
15 -43 975 
19 -38 975 
20 -37 971 
24 -37 968 
27 -41 973 
29 -34 976 
22 -39 986 
17 -29 985 
22 -31 982 
21 -34 991 
23 -29 994 
16 -32 999 
20 -26 996 
24 -20 994 
16 -16 993 
16 -14 999 
21 -20 992 
9 -24 996 
18 -22 994 
15 -24 998 
22 -18 990 
12 -10 993 
14 -12 990 
16 -9 987 
14 -8 989 
15 -13 972 
18 -19 979 
11 -32 971 
15 -34 977 
14 -29 972 
3 -24 977 
17 -13 968 
17 -14 967 
13 -17 966 
8 -30 970 
16 -34 978 
11 -41 972 
12 -39 979 
14 -34 977 
15 -32 977 
19 -23 981 
16 -20 983 
16 -16 1001 
14 -7 997 
3 1 994 
13 -5 1003 
7 -14 1003 
7 -9 1010 
18 -13 999 
15 -13 1001 
13 -20 994 
12 -26 993 
15 -28 996 
12 -32 982 
15 -27 981 
21 -21 981 
18 -19 986 
15 -29 986 
14 -30 990 
13 -27 987 
14 -31 990 
10 -26 993 
21 -19 972 
21 -15 976 
30 -22 965 
32 -16 968 
27 -19 974 
19 -19 988 
18 -35 993 
12 -39 996 
7 -39 1007 
13 -39 988 
19 -25 983 
22 -11 973 
20 -1 960 
23 8 973 
16 0 965 
19 -22 972 
22 -31 984 
20 -39 995 
13 -42 991 
18 -43 989 
18 -37 991 
22 -41 982 
9 -32 975 
17 -26 978 
20 -30 973 
21 -20 969 
22 -21 974 
18 -23 978 
24 -19 985 
14 -22 993 
21 -19 1000 
28 -20 1009 
26 -14 1020 
24 -15 1028 
24 -19 1030 
25 -41 1027 
31 -49 1014 
26 -55 1005 
41 -47 984 
42 -37 960 
37 -19 958 
41 -4 953 
27 -4 947 
14 2 959 
25 -5 968 
20 -23 973 
11 -25 981 
11 -26 984 
16 -16 976 
27 -11 983 
24 0 981 
19 -9 993 
13 -15 997 
11 -29 1004 
10 -38 1011 
7 -50 1020 
11 -43 1024 
7 -40 1023 
-3 -31 1021 
5 -28 1016 
10 -33 1018 
9 -33 1006 
9 -35 998 
11 -38 983 
15 -42 972 
19 -44 962 
18 -52 960 
17 -55 955 
16 -72 959 
18 -67 958 
26 -68 971 
19 -60 966 
24 -58 967 
22 -45 976 
24 -42 970 
25 -33 970 
23 -38 969 
24 -30 968 
30 -23 968 
23 -22 973 
27 -28 974 
21 -21 973 
23 -21 979 
20 -11 977 
24 -14 977 
19 -6 971 
27 -9 971 
29 -17 972 
32 -34 976 
41 -46 972 
42 -46 976 
44 -53 972 
42 -43 972 
47 -40 977 
41 -41 981 
42 -40 990 
38 -38 1002 
37 -44 1012 
36 -37 1007 
34 -31 1019 
36 -32 1015 
28 -30 1013 
25 -35 1014 
25 -32 1008 
25 -29 1003 
23 -27 1008 
24 -27 995 
23 -21 993 
20 -28 992 
26 -37 996 
25 -36 1001 
29 -53 995 
30 -56 1003 
31 -63 997 
20 -64 991 
33 -63 986 
35 -57 981 
34 -50 959 
33 -46 962 
32 -52 957 
34 -54 960 
37 -48 973 
33 -50 976 
31 -48 984 
35 -53 980 
28 -51 987 
29 -74 978 
34 -79 977 
37 -74 955 
41 -66 948 
42 -51 931 
45 -46 920 
42 -47 923 
43 -46 923 
38 -46 932 
40 -36 950 
34 -32 963 
25 -33 975 
31 -30 994 
33 -31 993 
33 -38 1002 
36 -31 1017 
28 -33 1013 
26 -35 1014 
35 -35 1009 
37 -31 1009 
28 -42 1003 
31 -49 1005 
32 -58 1007 
33 -65 985 
38 -60 986 
40 -57 987 
36 -56 985 
26 -41 985 
30 -41 987 
25 -37 998 
24 -45 1001 
30 -48 1007 
28 -46 1010 
24 -57 997 
21 -62 1001 
22 -58 988 
29 -47 988 
30 -43 985 
28 -33 971 
19 -32 973 
21 -34 974 
26 -30 966 
28 -32 978 
31 -42 976 
26 -43 984 
25 -53 992 
30 -50 990 
30 -42 989 
33 -33 1002 
31 -30 995 
26 -34 1000 
30 -49 986 
30 -52 982 
29 -59 969 
28 -62 962 
33 -51 945 
38 -51 942 
32 -40 940 
38 -39 944 
38 -32 935 
35 -28 946 
29 -23 958 
27 -14 974 
28 -6 979 
24 -8 1000 
26 -6 1004 
26 -8 1010 
31 -20 1010 
29 -27 1018 
27 -36 1023 
18 -33 1025 
28 -31 1021 
25 -44 1010 
33 -47 1000 
33 -50 984 
37 -49 974 
38 -50 962 
35 -48 953 
41 -48 955 
39 -58 964 
35 -54 971 
34 -46 975 
31 -32 993 
32 -31 1013 
31 -36 1019 
28 -36 1027 
27 -39 1030 
22 -41 1038 
28 -49 1032 
25 -50 1030 
15 -49 1020 
22 -41 1002 
20 -35 989 
32 -36 973 
30 -35 953 
43 -49 957 
42 -52 956 
41 -71 953 
43 -76 962 
35 -81 965 
40 -80 966 
43 -80 979 
39 -79 970 
40 -71 967 
45 -59 962 
44 -43 952 
45 -30 952 
49 -36 957 
49 -43 962 
46 -70 979 
43 -76 988 
38 -84 997 
41 -73 998 
43 -64 988 
41 -52 987 
46 -47 970 
44 -49 968 
48 -45 958 
42 -41 946 
46 -43 950 
50 -45 954 
44 -40 963 
47 -41 978 
44 -51 986 
45 -47 996 
48 -58 999 
43 -58 1004 
49 -60 1011 
45 -67 1012 
44 -59 1017 
42 -56 1005 
40 -48 1012 
38 -47 999 
36 -41 983 
41 -45 964 
43 -52 956 
41 -57 946 
43 -64 939 
42 -62 942 
45 -63 951 
40 -69 958 
44 -55 965 
45 -64 977 
40 -66 990 
46 -61 1000 
41 -58 1002 
42 -56 995 
44 -49 993 
41 -38 993 
10 85 1020 
18 72 1049 
1 31 1076 
14 -44 1047 
8 30 1040 
40 -101 1009 
49 -178 989 
30 -186 948 
40 -13 926 
56 -80 905 
45 -122 946 
-11 41 939 
47 -107 932 
-21 21 979 
-7 24 950 
26 0 1000 
17 -16 997 
34 -68 1052 
25 -81 1075 
9 -96 1105 
3 0 1125 
12 84 1156 
-10 84 1145 
0 37 1152 
6 7 1114 
13 -72 1056 
21 -60 997 
38 -35 945 
53 -94 916 
42 -54 900 
51 -42 888 
53 -88 897 
54 -128 903 
48 -106 902 
55 -112 885 
47 -32 871 
44 26 872 
43 19 906 
57 -3 927 
42 -45 937 
44 -47 968 
44 -74 987 
59 -84 1014 
55 -106 1032 
44 -100 1087 
42 -84 1116 
32 -75 1118 
40 -85 1087 
50 -91 1019 
43 -116 956 
59 -96 902 
71 -96 913 
77 -93 920 
80 -82 926 
55 -68 918 
67 -29 925 
60 -28 931 
59 -30 950 
62 -45 961 
67 -64 963 
61 -71 939 
57 -78 929 
56 -71 906 
53 -64 902 
51 -66 902 
58 -70 908 
61 -71 918 
59 -61 932 
52 -47 966 
51 -45 983 
55 -63 998 
51 -87 997 
47 -93 1000 
47 -87 1010 
46 -77 1016 
26 -71 1016 
53 -22 1020 
35 -57 994 
53 -75 1004 
37 -76 1019 
37 -71 1026 
31 -73 1047 
18 3 1053 
31 24 1011 
37 -11 1030 
23 -106 979 
-300 -222 967 
67 -33 955 
75 -66 942 
67 -53 967 
27 -98 932 
62 -63 926 
29 -50 892 
41 -24 890 
32 -23 943 
34 -36 1002 
31 -61 1019 
42 -71 1020 
24 -57 976 
24 -65 983 
24 -92 1028 
13 -90 1111 
15 -113 1149 
38 -103 1162 
31 -106 1153 
32 -102 1138 
17 -96 1119 
19 -101 1034 
35 -99 1006 
2 -130 1026 
7 -122 1026 
8 -122 1027 
14 -117 1026 
5 -100 1010 
36 -101 988 
25 -120 1046 
39 -113 1011 
35 -104 958 
38 -96 933 
28 -94 964 
36 -95 959 
55 -83 924 
45 -95 933 
47 -98 927 
47 -93 905 
43 -90 899 
38 -107 983 
36 -103 983 
41 -117 1017 
40 -122 1006 
37 -133 986 
49 -126 979 
34 -129 995 
38 -128 986 
41 -128 974 
56 -125 992 
44 -132 991 
47 -130 994 
46 -140 981 
50 -139 979 
42 -143 972 
40 -144 989 
42 -157 984 
46 -170 987 
41 -176 995 
34 -164 981 
59 -157 967 
43 -162 952 
44 -154 952 
46 -150 945 
51 -151 932 
48 -169 972 
47 -179 1014 
51 -176 1030 
53 -187 1014 
69 -191 997 
59 -193 991 
54 -192 992 
41 -186 969 
38 -197 939 
45 -194 923 
50 -194 904 
52 -182 895 
52 -207 898 
46 -228 930 
47 -239 951 
46 -239 908 
45 -224 866 
44 -254 877 
29 -292 946 
17 -311 980 
24 -309 978 
34 -304 980 
38 -293 965 
43 -288 963 
42 -283 950 
45 -285 947 
31 -293 967 
31 -295 961 
26 -305 960 
27 -299 964 
24 -298 954 
36 -317 942 
28 -334 957 
40 -337 956 
27 -365 970 
33 -374 1012 
22 -370 979 
11 -417 991 
0 -413 978 
11 -424 940 
12 -360 933 
42 -366 871 
36 -356 869 
40 -352 874 
37 -381 863 
23 -418 907 
24 -422 929 
21 -430 933 
24 -433 930 
20 -435 923 
13 -438 916 
26 -446 925 
27 -432 921 
28 -435 890 
