%John Minnick - 5/2/2023 - Lab 3 - Part 2 - Z Accel Down

Z_Accel_Down = [979
985
979
988
985
985
987
989
987
980
986
987
985
984
978
984
984
978
980
989
984
986
979
987
989
979
985
986
986
984
985
986
982
985
985
990
987
991
984
987
993
986
986
992
982
987
989
984
978
985
980
988
988
989
985
981
984
982
979
990
989
991
979
982
984
984
985
983
985
982
985
982
990
982
984
983
975
983
985
989
983
987
980
987
987
982
980
985
983
983
984
987
983
983
981
983
986
983
990
979
976
991
982
980
987
987
984
983
985
984
992
982
980
983
981
979
987
984
986
985
978
992
991
984
983
986
989
983
989
988
994
984
981
995
991
984
982
984
985
989
982
987
991
975
992
981
986
985
984
984
977
981
978
982
980
985
988
979
983
978
975
983
985
990
982
980
980
986
983
989
989
989
978
981
982
986
986
983
985
987
986
984
991
979
974
986
985
980
980
984
983
989
984
982
994
984
990
991
984
986
979
986
985
990
988
986
981
976
979
986
990
985
981
980
987
988
985
987
980
982
990
989
987
987
985
981
983
983
988
982
981
993
985
992
980
979
987
985
982
980
981
984
980
991
987
986
984
980
984
979
987
979
981
987
981
983
979
980
982
984
982
988
982
981
988
986
986
985
979
975
982
981
987
989
987
979
982
981
988
985
976
982
982
984
987
982
986
988
986
988
993
976
982
988
982
986
984
984
985
981
988
979
986
984
985
984
983
988
984
985
982
986
974
980
987
972
980
977
982
980
979
979
989
989
984
985
979
988
989
979
977
988
980
984
988
992
984
990
990
988
987
985
977
984
989
986
991
984
987
976
986
981
986
988
980
985
975
988
985
982
987
988
981
988
980
983
984
989
986
984
984
985
987
982
983
993
984
993
982
982
984
979
981
983
983
988
983
981
993
978
985
986
986
980
980
979
979
984
993
985
984
986
984
988
988
988
983
983
988
988
985
986
985
984
986
988
991
981
985
986
983
985
990
988
990
986
991
988
980
987
984
985
988
983
984
984
985
986
980
976
981
977
984
983
983
991
981
986
985
984
983
982
981
983
985
984
984
988
980
988
985
979
976
981
981
981
988
988
979
988
991
987
988
975
977
983
994
985
988
984
980
994
980
983
981
981
987
985
986
981
983
984
979
979
985
990
978
978
981
984
986
988
986
983
983
984
988
985
988
987
981
987
979
992
990
988
989
985
987
984
986
981
980
982
988
983
982
984
984
991
991
982
985
986
987
980
985
987
987
994
984
984
983
984
978
989
983
978
984
981
980
980
984
979
986
987
978
979
982
978
982
982
985
980
987
988
986
984
984
982
989
980
985
982
991
988
986
986
988
989
980
980
985
982
986
984
990
988
989
984
982
983
980
983
990
983
988
983
980
987
985
987
986
986
987
980
983
990
986
981
984
988
982
982
981
986
981
982
990
984
981
982
986
984
979
985
984
985
983
981
987
985
980
984
981
982
983
983
978
978
982
988
981
980
981
989
981
989
980
984
986
987
985
984
986
985
986
983
986
981
990
990
986
988
989
986
986
988
983
986
989
988
982
982
986
990
983
991
986
985
980
984
984
984
986
986
985
983
989
992
984
986
980
985
980
988
986
985
985
978
983
981
980
985
987
981
987
981
982
985
983
989
986
991
980
982
990
980
976
986
983
985
993
982
981
986
987
982
987
980
981
987
992
986
983
982
986
982
979
987
979
984
984
978
982
982
990
986
981
981
989
984
987
988
978
985
985
986
988
980
982
989
988
987
982
985
985
983
980
984
987
983
983
983
978
987
990
981
988
983
989
988
984
982
977
982
986
983
979
981
979
982
987
980
987
982
986
982
979
983
980
987
990
986
981
984
985
989
985
982
985
985
976
977
985
984
991
982
978
980
980
984
989
982
981
992
982
983
990
983
978
987
988
988
989
989
983
988
982
988
984
985
984
989
988
984
983
982
986
984
992
983
991
990
981
988
982
982
992
976
983
981
988
981
983
987
981
980
987
994
984
984
982
977
987
985
988
978
986
986
982
983
988
981
983
980
982
981
985
985
985
979
988
984
977
983
985
985
977
986
979
981
983
981
989
987
984
984
988
986
988
985
981
984
980
989
982
982
989
977
986
975
974
981
995
979
986
980
986
991
986
981
992
985
979
988
981
994
984
982
984
988
984
987
986
983
986
985
979
985
989
983
983
979
986
980
982
993
984
986
984
992
984
983
983
983
981
987
987
988
989
980
979
986
988
986
978
982
988
978
979
982
980
980
980
979
983
980
986
984
985
986
986
985
983
984
987
981
979
984
989
989
979
986
989
992
980
984
981
987
985
982
991
987
988
991
994
983
984
975
989
988
983
979
977
983
978
980
985
978
983
978
978
981
977
981
984
989
983
984
983
987
980
980
984
987
985
983
985
985
980
985
978
986
983
990
980
983
984
977
988
987
972
979
982
988
983
985
981
988
983
987
984
988
982
985
983
989
986
980
985
978
981
980
984
984
982
995
984
984
987
984
987
979
982
985
986
982
988
984
984
988
983
982
986
994
985
984
987
991
982
986
980
982
979
980
991
985
988
980
989
987
983
981
978
990
994
989
985
983
977
985
986
983
982
985
979
986
983
984
981
985
986
987
979
978
980
985
986
982
977
980
985
979
983
987
983
982
988
980
986
982
979
982
988
986
986
979
983
983
992
987
984
991
982
984
985
988
977
995
989
989
988
985
990
982
987
988
988
973
979
980
983
977
983
986
985
980
989
979
978
980
984
983
990
985
978
989
993
985
973
996
993
987
981
985
976
983
979
987
989
988
979
985
984
984
982
996
989
989
988
990
981
984
980
986
984
992
991
990
991
979
986
983
987
982
983
988
989
981
983
983
986
982
989
980
989
989
983
983
980
979
979
989
986
985
982
984
983
984
984
984
984
980
984
982
984
975
981
983
984
984
987
982
984
985
982
985
980
985
979
987
990
990
985
987
983
978
983
982
986
984
982
981
989
984
979
980
985
984
987
981
990
981
982
990
982
981
981
983
981
983
988
978
980
987
993
983
979
985
999
986
991
986
980
982
986
993
981
989
984
984
980
990
984
987
983
983
981
977
980
987
991
994
980
988
984
986
987
984
984
983
987
987
985
995
978
986
978
982
989
980
991
983
981
984
984
988
988
984
987
985
990
985
991
985
992
985
984
987
991
986
986
987
984
990
985
987
983
985
985
985
990
990
991
990
978
986
989
984
989
985
986
981
990
983
982
984
991
986
977
977
979
984
980
980
986
990
989
989
982
989
979
979
985
988
989
976
981
987
982
982
988
981
980
988
990
983
982
981
986
981
994
985
985
983
987
992
983
979
987
981
973
984
977
985
979
983
979
986
982
982
982
992
984
983
987
986
981
983
980
980
984
992
987
983
988
982
984
981
983
981
984
981
980
979
985
987
985
983
985
981
992
986
983
985
979
982
978
978
981
983
977
984
986
982
981
985
984
987
985
989
986
996
984
992
985
988
983
987
985
985
983
980
990
986
988
986
992
978
990
987
984
979
988
982
976
988
986
981
988
979
985
986
976
987
978
988
981
980
983
984
982
983
983
981
981
989
985
981
988
991
986
980
983
982
982
987
986
985
984
982
984
983
983
988
985
986
981
987
991
984
988
988
986
988
983
985
980
986
991
981
981
984
979
979
978
981
982
989
986
981
989
989
986
986
985
982
981
984
988
986
980
979
981
985
983
985
985
984
986
981
980
987
986
988
981
980
988
979
985
989
978
984
983
979
990
989
984
984
988
990
992
992
984
989
982
979
979
980
984
983
990
979
986
974
985
987
983
986
986
985
988
981
981
990
980
980
986
988
987
987
987
991
988
991
979
987
983
994
983
981
982
994
980
985
986
979
980
988
984
983
983
984
983
978
984
984
989
990
992
984
984
989
987
982
985
988
993
984
983
988
984
982
983
986
983
989
982
981
986
981
983
981
982
984
980
984
982
989
984
980
983
988
979
986
979
986
986
986
983
985
988
991
987
991
982
983
980
986
986
986
984
985
981
977
984
990
988
990
992
978
984
991
985
984
986
988
984
990
986
988
993
987
987
985
989
985
979
979
983
992
979
981
981
982
986
973
984
982
981
985
989
982
983
983
979
988
984
979
988
976
976
980
975
986
984
986
982
983
987
981
979
992
983
983
989
986
980
979
993
980
981
983
986
989
986
981
978
980
978
972
981
979
989
989
987
988
990
984
980
993
983
983
989
988
987
986
986
980
981
983
984
981
983
991
985
984
983
976
976
981
977
988
987
990
988
986
982
987
980
986
981
991
981
985
987
983
979
982
982
980
988
985
984
981
981
983
986
984
991
983
979
990
980
982
984
989
989
987
984
983
989
981
983
984
991
984
991
983
987
978
980
984
984
989
984
988
988
988
988
987
984
986
984
990
988
986
983
980
991
988
984
982
993
982
981
984
987
986
988
987
982
992
986
980
990
992
981
986
983
992
982
993
987
984
987
984
984
985
979
979
987
983
991
978
981
984
982
980
982
