Z_Accel_Up = [-1008
-1007
-1012
-1008
-1009
-1006
-1006
-1007
-1001
-1003
-1006
-1007
-1010
-1011
-1011
-1004
-1009
-1002
-1006
-998
-1009
-1011
-1010
-1004
-1009
-1008
-1003
-1005
-1000
-1001
-1009
-1001
-1008
-1010
-1006
-1004
-1014
-1005
-1007
-1016
-1006
-1000
-1010
-1013
-1006
-1006
-1014
-1000
-1006
-997
-1005
-1008
-1002
-1009
-1004
-1009
-1003
-1005
-1004
-1016
-1012
-1006
-1003
-1007
-1002
-1006
-1009
-1000
-1005
-1006
-1006
-1003
-1010
-1014
-1005
-1012
-1009
-1006
-1009
-1007
-1004
-1007
-1001
-1009
-1004
-1006
-1005
-1005
-1006
-998
-1011
-997
-1005
-1004
-1010
-1010
-1003
-1011
-1007
-1004
-1010
-1009
-1011
-1009
-1002
-1011
-1014
-999
-1003
-1004
-1006
-1005
-1007
-1009
-1006
-1010
-1005
-1010
-1008
-1007
-1006
-1008
-1012
-1013
-1007
-1010
-1005
-1009
-1004
-1005
-1009
-1008
-1008
-1003
-1008
-1006
-1014
-1000
-1008
-1010
-1002
-1005
-1010
-1007
-1008
-1004
-1009
-1000
-1015
-1005
-999
-1003
-1003
-1009
-1009
-1008
-1012
-1000
-1011
-1001
-1012
-1008
-1003
-1010
-1009
-1007
-1009
-1012
-1005
-1009
-1009
-1015
-1013
-1007
-1010
-1011
-1010
-1011
-1007
-1000
-1004
-1009
-1009
-1006
-1010
-1006
-1012
-1006
-1004
-1014
-1001
-1009
-1008
-1007
-1000
-1009
-1009
-1009
-1006
-1003
-1011
-1001
-1000
-1000
-1006
-1008
-1007
-1003
-1005
-997
-1005
-1014
-1006
-1006
-1008
-1008
-1015
-1007
-1015
-1001
-1001
-1010
-1006
-1004
-999
-1004
-1008
-1016
-1003
-1007
-1001
-1012
-1007
-1005
-1007
-1007
-1006
-1008
-998
-1004
-1011
-1010
-1009
-1007
-1008
-1004
-1006
-1004
-1003
-1010
-1006
-1004
-1009
-1008
-1006
-1004
-1004
-1012
-1008
-1010
-1006
-1003
-1000
-1008
-1006
-1000
-1007
-1000
-1001
-1010
-1003
-1012
-1005
-1015
-1002
-999
-1009
-1004
-1000
-1004
-1002
-1011
-1005
-1009
-1010
-1007
-1002
-1007
-999
-1006
-1003
-1005
-1010
-1005
-1003
-1003
-1002
-1010
-1015
-1001
-1013
-1009
-1008
-1010
-1013
-1010
-1003
-1013
-1002
-1000
-1012
-1013
-999
-1008
-1000
-1003
-1003
-1002
-1009
-1010
-1001
-1007
-1010
-1010
-1001
-1003
-996
-1002
-1011
-1006
-1003
-1010
-1009
-1010
-1003
-1004
-1000
-1005
-1005
-998
-1012
-1010
-1004
-1014
-1008
-1009
-1005
-1010
-1002
-1003
-1010
-999
-1008
-1003
-1004
-1003
-1006
-1004
-1003
-1007
-1005
-1013
-1002
-1012
-1010
-1002
-1007
-1007
-1008
-1013
-1006
-1003
-1011
-1010
-1013
-1009
-1006
-998
-1007
-1002
-1010
-1010
-1003
-1003
-997
-1010
-999
-1001
-1007
-1009
-1009
-1004
-1012
-1004
-1005
-1002
-1010
-1006
-1007
-1012
-1006
-1001
-1010
-1004
-1000
-1011
-1002
-1008
-1003
-1002
-1009
-1004
-1009
-1007
-1012
-1007
-1008
-1009
-1000
-1009
-1007
-1008
-1003
-1005
-1001
-1001
-1011
-1006
-1010
-1005
-1006
-1013
-1005
-1011
-999
-1012
-1002
-1010
-1002
-1005
-1003
-1011
-1009
-1007
-1010
-1008
-1003
-1003
-1000
-1007
-1007
-1009
-1007
-1010
-1009
-1001
-1008
-1001
-1007
-1015
-1007
-1011
-1003
-1012
-999
-1001
-1005
-1003
-1008
-1010
-1008
-1007
-1007
-1008
-1008
-1001
-1006
-1003
-1006
-1010
-996
-1007
-999
-1010
-1008
-1010
-1014
-1002
-996
-1000
-1003
-1010
-1009
-1007
-1010
-1011
-1001
-1006
-1004
-1007
-1010
-1000
-1002
-1003
-1007
-1010
-1010
-1002
-1006
-1004
-1010
-1000
-998
-1010
-998
-1005
-1007
-1017
-1009
-1010
-997
-1006
-1015
-1007
-1001
-1001
-1004
-1005
-1010
-1004
-1014
-1008
-1007
-1010
-1007
-1010
-998
-1008
-1002
-1006
-1006
-1005
-1004
-1009
-1011
-1010
-1006
-1008
-998
-1002
-1005
-1000
-1011
-1003
-1006
-1003
-1004
-1013
-1012
-1004
-996
-1001
-1007
-1012
-1006
-1002
-1007
-1004
-1005
-1008
-1007
-1009
-1004
-1003
-1006
-997
-1007
-1005
-1002
-1008
-1005
-1002
-1010
-999
-998
-1010
-1011
-1002
-1007
-1008
-1007
-1010
-1000
-1008
-1000
-1002
-1008
-1003
-1007
-1007
-1006
-999
-1007
-1004
-1004
-1002
-1006
-1005
-1010
-1008
-1008
-1010
-1006
-1009
-1016
-1006
-1008
-1010
-1011
-1004
-1004
-1007
-1006
-1003
-1006
-1003
-1010
-1004
-1007
-1012
-1003
-1003
-1001
-1001
-1001
-1000
-1006
-1001
-1008
-1010
-1009
-1006
-1001
-1004
-1007
-1005
-1007
-1007
-1008
-1006
-1011
-1004
-1010
-1009
-1006
-1010
-1007
-1009
-1010
-1010
-1010
-1003
-1009
-1007
-1008
-1003
-1008
-1009
-1010
-1000
-1002
-1005
-1000
-1011
-1007
-1007
-999
-1009
-1007
-1002
-1007
-1001
-1005
-1003
-1007
-1009
-1004
-1008
-1001
-1006
-996
-1001
-1010
-1004
-1002
-1007
-1010
-1004
-1007
-1008
-1005
-1009
-1010
-1001
-1011
-1000
-999
-1001
-1006
-997
-1004
-1010
-1015
-1006
-1009
-1005
-1007
-1010
-1002
-1009
-1005
-1003
-1003
-1006
-1003
-1010
-1002
-1009
-1001
-1001
-1009
-1006
-1006
-1004
-1006
-1004
-1005
-1000
-1013
-1007
-1006
-1007
-1002
-1009
-1008
-1012
-1005
-1007
-1016
-1004
-1009
-1008
-1010
-1010
-1011
-1007
-1001
-1002
-1003
-1004
-1005
-997
-1004
-995
-1001
-1001
-1001
-1007
-1009
-1001
-1011
-1005
-1012
-998
-1007
-1005
-1013
-1012
-1011
-1008
-1005
-1006
-1008
-1002
-1001
-1005
-1003
-1005
-1011
-1008
-1003
-1007
-1007
-1002
-999
-1002
-1002
-1000
-1013
-1000
-1005
-1000
-1010
-1004
-1008
-1004
-1011
-1012
-1010
-1007
-1013
-1005
-1010
-1008
-1011
-1008
-1005
-1014
-1007
-1010
-1005
-1009
-1006
-1004
-1005
-1004
-1003
-1005
-1010
-1009
-1010
-1004
-1005
-1003
-1000
-999
-1006
-999
-1006
-1003
-1009
-1006
-1009
-1002
-1003
-1002
-1003
-1013
-1015
-1010
-1006
-1000
-1002
-1001
-1005
-1002
-1014
-1005
-1001
-1002
-1001
-1002
-1004
-1011
-1004
-1007
-1011
-1008
-1009
-1010
-1007
-999
-1009
-1005
-1007
-1004
-1005
-1005
-1010
-1013
-1008
-1012
-1003
-1006
-1006
-1007
-1010
-1007
-1016
-1010
-1009
-1005
-1013
-1009
-1003
-1004
-1006
-1000
-1005
-1009
-1002
-1006
-1004
-1009
-1012
-1009
-1002
-1001
-1001
-1003
-1005
-1015
-1003
-1017
-1010
-1009
-1009
-1010
-1008
-1009
-1010
-1005
-1000
-1010
-1000
-1004
-1009
-1000
-998
-1001
-1018
-1007
-1000
-1014
-1007
-1014
-1010
-1005
-1005
-1008
-1011
-1013
-1009
-1007
-1005
-1003
-1005
-1008
-1004
-1001
-1002
-999
-1005
-1007
-1003
-1008
-1013
-1005
-1005
-1016
-1010
-1011
-1001
-1005
-1005
-1005
-1002
-1003
-1012
-1013
-1007
-1002
-1004
-1008
-1004
-1011
-1000
-1010
-1007
-1005
-1003
-1005
-1002
-1008
-1004
-1000
-1006
-1011
-1013
-1013
-1004
-1003
-1004
-1001
-1003
-1010
-1002
-1001
-1005
-1009
-1013
-1006
-1002
-1001
-1007
-1007
-1001
-1012
-1000
-1009
-1007
-1008
-1012
-1006
-1000
-1007
-1001
-1005
-1000
-1007
-1007
-1005
-999
-1000
-1006
-1004
-1008
-1011
-1007
-1010
-1008
-1010
-1002
-1002
-1000
-1007
-1001
-1005
-1010
-1007
-1006
-1017
-1017
-1014
-1004
-997
-998
-1006
-1006
-1005
-1000
-1001
-1010
-1011
-1010
-1006
-1007
-1012
-1006
-1010
-1003
-1000
-1001
-1006
-1006
-1008
-1006
-1006
-1015
-1008
-1007
-1007
-1005
-1003
-1005
-1010
-1006
-1016
-1008
-1010
-1004
-1006
-1003
-997
-1003
-1003
-996
-1002
-1016
-1005
-1008
-1001
-998
-1012
-999
-1005
-1003
-1006
-1013
-1003
-1002
-1009
-1004
-1008
-999
-1003
-1007
-1014
-1000
-1004
-1002
-1003
-1005
-1011
-1007
-1004
-1010
-1005
-1007
-995
-995
-1001
-1006
-1005
-1005
-1006
-1008
-1001
-1003
-999
-1005
-1003
-1009
-1001
-1005
-1006
-1011
-1003
-1007
-1007
-1009
-1005
-1004
-999
-1000
-1002
-1004
-1000
-1005
-999
-1010
-1009
-1005
-1003
-1006
-1009
-1008
-1004
-1008
-1009
-1006
-1000
-1007
-1005
-1006
-1005
-1010
-1004
-1007
-1007
-1003
-1009
-1009
-1004
-1007
-1007
-1008
-1007
-1006
-1011
-1009
-1003
-1005
-1007
-998
-1009
-1002
-1002
-1000
-1009
-1005
-1003
-1010
-1001
-1000
-1005
-1007
-1008
-1006
-998
-1001
-1008
-1009
-1008
-1002
-1006
-1000
-1004
-1004
-1007
-1013
-1008
-1006
-1003
-1005
-1007
-1010
-1002
-1010
-997
-1005
-1000
-1007
-1004
-1013
-1008
-1010
-1005
-1004
-1005
-1002
-1013
-1010
-1010
-1007
-1008
-1004
-1010
-1009
-1005
-1007
-1010
-1002
-1005
-1010
-1008
-1007
-1001
-1008
-1006
-1009
-1014
-1015
-1007
-1002
-1009
-1008
-1005
-1013
-1006
-1007
-1006
-1008
-1004
-1002
-1006
-1012
-1005
-1010
-997
-1002
-1002
-1009
-1008
-1002
-1006
-1009
-1007
-999
-1004
-1005
-1010
-1006
-1007
-1011
-1005
-1004
-1008
-1013
-1002
-1011
-1013
-1010
-1010
-1007
-1005
-1009
-1004
-1006
-1007
-1005
-1006
-1009
-1000
-1005
-1002
-1005
-1001
-1011
-1008
-1009
-1010
-1010
-1010
-1008
-1003
-1012
-1007
-1007
-1002
-1007
-1008
-1012
-1007
-1007
-1007
-1011
-1003
-1010
-1009
-1004
-1003
-1004
-1015
-1008
-1012
-1006
-1008
-1007
-1008
-1000
