X_Accel_down = [995
989
989
989
986
994
989
989
991
985
986
985
987
985
981
991
988
987
985
989
990
988
989
991
984
986
984
986
985
990
990
990
989
990
984
988
987
987
992
986
989
989
996
982
989
993
988
994
985
984
994
990
986
991
988
987
994
991
989
980
984
992
981
989
991
987
982
992
993
991
983
992
987
988
987
985
987
988
989
987
989
987
986
983
984
992
988
998
990
989
988
993
991
988
988
988
986
988
991
981
989
988
983
992
988
992
983
983
989
994
991
987
998
985
985
992
987
985
985
993
984
995
993
987
987
991
985
990
993
989
991
991
991
990
991
987
985
989
987
988
991
991
987
989
990
983
991
989
992
991
987
988
988
989
987
989
989
988
986
986
985
988
984
992
991
989
987
994
988
985
987
991
989
984
998
985
988
985
990
984
986
992
993
992
983
987
990
994
993
988
989
991
994
994
989
987
984
984
992
987
988
989
989
989
981
990
990
990
991
985
989
989
993
991
988
993
990
992
993
995
989
985
995
987
989
985
991
980
984
989
991
993
988
989
985
986
993
993
985
989
985
988
991
984
993
988
987
991
988
984
988
990
991
987
984
981
987
988
987
992
982
990
989
990
988
988
992
992
983
991
987
986
991
987
992
987
991
987
990
988
984
988
985
985
984
989
990
988
991
994
994
992
980
988
988
986
991
992
992
987
986
990
992
993
989
987
985
983
988
992
989
987
989
986
990
994
991
985
989
987
984
987
988
986
988
985
994
986
987
984
986
991
996
985
982
989
992
988
987
994
992
996
990
989
991
991
992
988
990
984
988
988
996
985
990
988
990
987
989
991
991
988
988
987
990
990
992
985
989
984
987
991
986
988
989
986
993
990
990
988
990
992
992
987
993
988
993
988
995
989
984
987
988
989
986
986
988
992
993
988
989
993
984
991
990
989
990
987
986
988
991
984
985
984
1000
988
990
989
990
990
992
989
987
983
989
987
993
989
989
986
990
985
986
989
991
989
992
988
988
991
993
988
988
989
986
987
991
985
989
990
990
984
987
986
982
992
991
988
985
991
990
988
990
992
990
990
988
990
996
989
989
989
988
989
985
988
987
990
987
987
985
989
989
994
985
989
991
983
987
989
988
993
986
992
986
990
989
995
996
991
989
993
988
991
987
991
987
984
988
990
993
986
987
989
990
987
992
996
988
989
986
993
998
994
993
993
990
990
989
988
988
986
994
989
992
988
992
989
987
983
988
992
982
982
990
989
987
994
990
992
993
990
985
992
987
988
986
994
994
981
987
983
989
979
985
988
988
989
988
988
992
986
990
989
990
990
993
992
990
991
984
985
987
987
985
991
987
989
992
988
980
988
987
988
991
984
988
991
989
989
986
992
988
992
991
989
986
991
991
989
993
988
990
993
993
983
993
989
989
987
990
989
991
992
990
989
996
985
986
988
988
992
987
992
988
993
986
987
988
987
990
986
985
992
994
989
989
988
992
983
988
990
985
991
994
995
988
990
990
988
989
989
986
989
989
987
993
992
992
989
988
991
989
991
988
987
989
989
991
993
985
992
992
987
988
990
985
987
989
989
989
993
981
993
978
987
988
989
993
986
990
989
993
986
991
989
992
987
989
992
991
987
996
989
994
988
985
987
987
993
990
984
993
987
989
986
993
992
994
986
995
986
986
987
987
986
989
988
988
988
989
988
989
986
988
987
995
988
992
991
988
991
989
990
986
990
992
996
985
992
987
990
988
993
987
991
987
988
989
988
995
989
986
985
991
991
985
992
988
991
988
989
989
984
984
986
984
986
985
989
985
985
985
990
991
992
990
992
991
989
982
992
990
988
991
987
989
990
991
1000
988
989
993
996
990
995
993
993
991
990
989
994
994
989
987
985
984
988
989
984
994
987
988
989
1002
988
991
993
990
989
993
988
993
987
991
990
990
987
993
988
987
988
989
990
989
988
990
989
985
991
987
987
992
991
990
990
989
987
989
991
992
989
983
990
989
986
993
991
986
988
987
981
991
991
984
990
989
989
990
992
989
993
989
989
993
986
986
991
991
990
987
990
988
989
987
998
991
986
987
984
984
990
985
992
989
989
992
987
986
988
989
989
989
988
986
987
989
984
995
985
986
995
985
989
990
987
991
987
996
989
987
986
986
992
988
992
993
991
981
990
985
994
993
991
991
990
990
990
990
990
986
991
989
991
989
987
982
987
985
993
987
985
983
989
989
982
990
990
991
980
983
985
986
989
990
991
989
987
986
991
989
989
993
985
992
984
992
987
987
987
991
992
992
992
989
991
996
987
992
990
993
991
991
989
989
989
987
984
994
988
984
989
991
987
989
991
989
984
989
989
987
990
989
992
989
985
991
993
984
989
987
988
988
991
990
988
992
987
990
982
988
988
987
988
991
987
992
990
987
989
990
988
988
986
991
996
992
990
989
994
993
989
988
985
989
989
985
985
991
992
988
990
985
986
989
992
992
989
987
987
983
987
991
992
986
981
982
987
988
992
984
996
992
992
991
987
990
988
989
992
992
990
991
989
988
983
987
984
992
988
995
989
985
991
989
989
992
990
990
995
986
989
988
990
986
985
987
985
988
991
983
989
989
988
992
989
990
988
988
983
984
989
986
984
981
987
987
987
990
981
987
987
989
991
993
988
989
988
990
989
992
989
992
989
988
993
987
990
990
986
991
987
994
988
987
989
985
983
991
987
991
989
992
989
991
989
990
992
999
983
983
989
991
987
984
990
983
988
989
988
989
986
986
987
992
989
995
989
985
986
990
993
991
989
991
993
983
987
987
987
993
988
986
993
990
995
988
987
983
988
988
990
982
989
986
982
984
990
985
985
992
995
986
989
992
993
988
991
990
992
985
993
993
989
986
990
990
988
990
991
994
985
992
989
994
991
990
992
992
988
993
984
987
987
983
984
994
991
991
992
983
989
987
992
987
987
992
991
990
993
993
983
991
985
989
989
989
990
990
986
993
989
989
988
991
990
990
990
988
991
990
989
993
990
992
986
995
988
992
989
989
986
989
990
983
985
989
987
986
991
985
986
981
987
989
986
988
987
985
992
992
990
988
990
990
987
993
988
993
993
986
989
988
995
992
987
987
991
993
993
987
988
982
991
988
992
993
991
989
987
989
986
989
987
990
993
988
989
986
992
991
989
987
989
989
987
991
992
989
987
987
987
987
989
987
987
988
989
990
990
991
986
991
988
988
992
989
987
995
991
987
991
986
991
987
988
989
986
988
986
991
989
989
988
988
994
990
990
987
989
987
984
984
977
988
988
991
982
987
992
992
995
993
987
992
989
990
991
991
986
989
991
990
989
981
988
994
993
988
989
988
988
987
988
993
986
984
988
993
992
987
984
986
991
988
989
989
991
985
990
990
990
991
984
984
991
989
991
986
989
994
990
986
993
994
985
990
995
984
987
985
988
993
982
990
987
990
985
988
991
989
984
987
988
992
988
988
990
990
986
989
987
984
989
989
989
990
988
986
992
988
997
989
990
987
988
991
987
990
989
990
997
991
993
991
988
991
982
989
986
989
988
984
990
991
989
986
987
988
992
985
984
990
990
988
988
990
989
992
989
988
989
986
989
991
990
990
989
988
989
984
988
985
988
986
992
991
985
994
993
988
988
989
990
986
990
994
992
989
992
989
990
994
993
993
989
990
992
992
995
985
984
988
988
991
990
989
993
988
989
989
988
988
988
987
987
989
984
987
988
991
984
990
990
992
991
990
988
991
992
988
989
988
989
992
988
987
987
990
989
991
987
987
988
990
994
986
990
987
987
988
989
982
986
983
988
983
986
985
990
988
988
986
995
988
992
995
992
990
990
990
990
988
988
995
994
997
989
989
988
988
994
990
989
988
988
989
987
988
991
985
986
991
985
991
989
990
985
989
983
986
986
987
991
990
995
988
991
987
990
993
988
988
987
988
987
985
988
986
992
987
992
992
990
991
992
993
987
989
987
987
992
990
990
992
987
989
986
991
984
988
989
994
983
988
987
993
989
987
987
988
989
988
995
989
994
994
988
988
991
994
991
993
990
988
992
989
986
994
991
991
993
983
990
986
995
992
990
998
989
988
990
994
987
991
990
985
982
986
991
987
993
990
988
985
986
990
989
987
989
987
987
991
986
984
986
991
986
990
989
987
989
993
986
983
991
984
991
989
988
984
991
985
986
989
994
996
989
990
989
987
992
985
986
988
989
987
990
989
991
984
993
989
989
992
991
986
984
991
989
999
993
986
987
987
983
991
984
984
992
993
989
991
990
985
986
990
991
989
992
992
986
987
986
993
990
981
992
986
992
988
983
990
994
983
994
982
991
984
988
991
986
987
989
988
989
988
992
989
992
988
989
993
991
987
988
986
987
987
987
986
986
997
990
987
991
987
982
990
986
989
990
988
988
988
985
984
986
990
991
987
991
982
987
995
994
987
989
989
992
994
988
988
989
988
992
992
988
992
989
990
987
985
987
989
991
991
987
987
985
991
992
989
983
990
992
987
987
990
988
990
989
990
992
990
