X_Accel_up =[-992
-996
-991
-996
-1001
-997
-993
-989
-999
-994
-998
-994
-1000
-997
-999
-995
-996
-1000
-993
-992
-996
-989
-995
-995
-996
-996
-996
-997
-1001
-998
-998
-1001
-995
-994
-993
-990
-997
-995
-996
-997
-992
-998
-996
-996
-996
-997
-999
-994
-996
-999
-995
-997
-992
-992
-995
-985
-996
-994
-995
-1002
-992
-1001
-994
-995
-990
-999
-998
-994
-994
-996
-995
-991
-999
-995
-996
-994
-984
-991
-994
-992
-1000
-989
-996
-992
-994
-991
-994
-994
-1005
-990
-993
-993
-999
-988
-995
-996
-994
-1000
-994
-992
-996
-996
-994
-1000
-994
-996
-995
-994
-996
-996
-999
-993
-992
-993
-998
-997
-993
-995
-992
-994
-1002
-994
-995
-998
-998
-998
-995
-994
-997
-994
-992
-995
-997
-996
-993
-991
-998
-998
-994
-993
-994
-995
-991
-989
-994
-998
-998
-992
-997
-994
-997
-1003
-992
-993
-995
-996
-998
-998
-992
-998
-997
-996
-991
-990
-1000
-992
-992
-991
-992
-992
-996
-988
-992
-991
-1000
-995
-995
-996
-991
-1000
-1000
-996
-997
-995
-993
-992
-992
-1000
-994
-994
-993
-991
-992
-995
-1002
-999
-992
-996
-995
-995
-998
-995
-990
-992
-992
-1000
-999
-992
-995
-999
-1000
-993
-994
-990
-1000
-990
-993
-994
-994
-993
-998
-995
-993
-999
-996
-995
-995
-1000
-997
-996
-994
-990
-993
-997
-999
-998
-996
-999
-994
-999
-990
-991
-994
-992
-997
-992
-994
-992
-993
-993
-994
-998
-989
-1000
-992
-992
-998
-999
-993
-990
-993
-992
-998
-998
-994
-998
-997
-993
-992
-992
-998
-996
-994
-992
-993
-997
-995
-1002
-993
-992
-998
-997
-991
-987
-992
-995
-994
-995
-997
-994
-990
-994
-993
-996
-996
-993
-998
-994
-990
-993
-993
-996
-993
-994
-993
-994
-989
-995
-993
-1001
-990
-998
-992
-991
-997
-992
-998
-992
-997
-990
-994
-992
-997
-998
-996
-993
-998
-998
-997
-998
-997
-996
-1000
-995
-997
-991
-996
-998
-992
-993
-989
-996
-995
-994
-993
-997
-997
-995
-997
-991
-994
-994
-995
-992
-998
-989
-992
-992
-1001
-997
-995
-1000
-993
-996
-995
-992
-995
-999
-990
-992
-991
-995
-992
-990
-994
-984
-999
-994
-995
-997
-1003
-994
-990
-997
-996
-999
-999
-994
-994
-997
-995
-995
-993
-998
-994
-994
-1000
-993
-1000
-997
-996
-990
-999
-993
-992
-998
-997
-995
-995
-995
-991
-994
-991
-991
-996
-995
-986
-1000
-989
-993
-995
-995
-995
-997
-993
-995
-994
-995
-994
-998
-998
-994
-999
-993
-994
-992
-995
-994
-999
-994
-995
-994
-997
-995
-993
-998
-997
-995
-995
-997
-995
-993
-997
-995
-998
-996
-998
-995
-1002
-1000
-998
-994
-995
-997
-995
-992
-997
-997
-999
-996
-995
-996
-992
-993
-996
-997
-1003
-999
-995
-1001
-990
-996
-997
-987
-998
-992
-994
-994
-990
-993
-997
-998
-1002
-996
-996
-994
-991
-995
-994
-992
-991
-994
-1001
-996
-992
-992
-999
-995
-996
-994
-993
-1002
-995
-994
-998
-989
-995
-996
-998
-999
-1001
-993
-994
-989
-990
-995
-996
-993
-999
-992
-996
-999
-992
-995
-993
-996
-998
-998
-994
-996
-990
-995
-999
-990
-999
-997
-991
-998
-993
-998
-992
-997
-995
-996
-997
-997
-991
-993
-995
-1001
-997
-997
-999
-993
-997
-1000
-994
-1000
-995
-996
-995
-995
-992
-999
-997
-990
-1000
-993
-997
-998
-993
-997
-994
-996
-999
-1005
-994
-991
-991
-1003
-997
-998
-997
-995
-999
-989
-1000
-991
-995
-991
-991
-997
-996
-1004
-996
-1000
-995
-999
-994
-1002
-997
-995
-996
-997
-999
-989
-1001
-997
-996
-992
-987
-993
-993
-998
-992
-996
-996
-998
-993
-995
-997
-996
-992
-996
-998
-1000
-991
-992
-992
-994
-995
-996
-999
-995
-997
-999
-997
-996
-997
-987
-997
-994
-999
-996
-995
-990
-991
-994
-997
-996
-994
-993
-991
-997
-996
-995
-991
-992
-1000
-997
-996
-998
-999
-997
-994
-995
-994
-999
-998
-991
-998
-991
-997
-992
-996
-1000
-998
-996
-994
-991
-993
-995
-993
-994
-996
-997
-1000
-995
-992
-993
-997
-991
-998
-994
-995
-994
-994
-996
-998
-992
-998
-995
-998
-992
-997
-991
-997
-997
-990
-991
-996
-993
-994
-992
-993
-994
-996
-990
-994
-992
-989
-998
-997
-998
-996
-998
-1001
-995
-994
-998
-991
-993
-999
-998
-994
-993
-994
-991
-996
-998
-1000
-1000
-998
-1000
-994
-999
-998
-992
-1001
-983
-997
-993
-998
-999
-995
-997
-997
-995
-1000
-992
-995
-998
-994
-993
-994
-994
-989
-994
-995
-1002
-997
-997
-998
-998
-996
-992
-991
-995
-996
-997
-998
-1003
-996
-995
-995
-993
-994
-1001
-992
-997
-997
-1000
-990
-997
-995
-992
-992
-992
-995
-999
-997
-990
-995
-993
-1001
-994
-999
-996
-1000
-1000
-995
-998
-997
-994
-998
-994
-993
-997
-990
-996
-1001
-996
-997
-1001
-992
-996
-995
-991
-995
-996
-997
-995
-995
-1000
-998
-995
-993
-987
-1001
-998
-992
-1000
-992
-990
-1000
-990
-994
-998
-994
-994
-1000
-995
-999
-997
-992
-993
-997
-995
-991
-994
-992
-995
-1002
-993
-992
-995
-993
-994
-992
-998
-991
-988
-997
-999
-1000
-997
-995
-996
-992
-998
-994
-995
-996
-995
-994
-993
-1000
-998
-993
-998
-1000
-1000
-995
-991
-994
-999
-995
-996
-995
-989
-989
-995
-997
-999
-1000
-998
-992
-994
-988
-1002
-991
-1000
-999
-998
-997
-1000
-997
-997
-999
-1000
-994
-996
-991
-996
-989
-997
-987
-993
-998
-1002
-1000
-998
-997
-1001
-989
-997
-993
-992
-992
-994
-996
-994
-1001
-1000
-990
-991
-997
-995
-991
-994
-995
-996
-996
-995
-991
-993
-995
-994
-997
-996
-994
-990
-990
-995
-995
-990
-990
-991
-993
-1004
-999
-997
-992
-989
-995
-994
-992
-992
-993
-999
-994
-995
-995
-994
-998
-994
-997
-992
-992
-994
-997
-997
-993
-997
-991
-993
-993
-993
-991
-994
-989
-996
-1000
-997
-986
-991
-992
-996
-992
-991
-991
-995
-996
-993
-993
-992
-996
-998
-996
-983
-993
-1001
-997
-998
-991
-995
-996
-999
-996
-995
-996
-996
-989
-997
-998
-1000
-995
-1000
-998
-994
-994
-996
-996
-992
-997
-992
-999
-1000
-990
-999
-993
-993
-996
-996
-996
-999
-998
-992
-992
-989
-1001
-992
-993
-999
-998
-998
-998
-997
-997
-989
-997
-996
-994
-994
-1000
-999
-995
-989
-993
-989
-990
-991
-1006
-993
-989
-1001
-999
-992
-997
-1001
-995
-995
-995
-997
-994
-989
-996
-994
-993
-998
-995
-994
-993
-1005
-994
-999
-996
-995
-995
-993
-997
-997
-993
-995
-995
-996
-1000
-994
-995
-997
-993
-994
-997
-998
-999
-992
-998
-993
-992
-996
-994
-994
-997
-996
-995
-997
-991
-998
-995
-994
-993
-995
-994
-992
-995
-991
-993
-997
-996
-991
-996
-998
-999
-991
-995
-991
-998
-996
-996
-992
-996
-994
-990
-993
-998
-991
-991
-1003
-995
-996
-993
-992
-997
-998
-991
-996
-993
-993
-995
-995
-995
-1001
-996
-991
-995
-991
-996
-995
-994
-996
-989
-996
-990
-992
-1000
-995
-995
-995
-991
-987
-995
-998
-997
-997
-993
-994
-996
-990
-997
-989
-999
-995
-987
-996
-996
-996
-994
-994
-994
-1004
-995
-992
-992
-995
-995
-999
-1002
-992
-992
-994
-993
-993
-996
-997
-995
-994
-993
-993
-992
-997
-991
-998
-992
-988
-996
-997
-998
-991
-989
-995
-999
-997
-998
-996
-991
-998
-997
-999
-997
-993
-999
-995
-994
-995
-995
-996
-993
-992
-991
-994
-1001
-992
-998
-996
-995
-994
-997
-993
-998
-992
-998
-999
-996
-993
-997
-994
-995
-997
-997
-997
-994
-995
-995
-998
-995
-992
-995
-996
-993
-993
-996
-995
-991
-1000
-992
-1000
-990
-992
-996
-991
-996
-997
-995
-994
-996
-999
-994
-999
-997
-997
-993
-996
-996
-993
-1000
-993
-992
-995
-996
-1001
-996
-989
-1000
-994
-989
-991
-998
-999
-997
-996
-992
-996
-991
-998
-994
-994
-994
-991
-990
-999
-997
-995
-1000
-1001
-996
-996
-996
-995
-994
-997
-996
-993
-994
-995
-989
-993
-988
-993
-993
-998
-990
-994
-1000
-997
-996
-992
-991
-992
-990
-998
-992
-993
-1001
-997
-998
-997
-991
-993
-990
-998
-1000
-990
-997
-993
-993
-1001
-996
-992
-996
-995
-995
-1000
-998
-995
-993
-991
-996
-991
-999
-992
-995
-1000
-994
-994
-996
-998
-995
-994
-997
-1000
-997
-999
-995
-995
-1001
-994
-997
-994
-995
-995
-997
-994
-993
-996
-999
-992
-999
-994
-992
-1001
-1000
-995
-989
-997
-997
-998
-996
-997
-1000
-998
-1000
-1002
-995
-990
-993
-996
-993
-997
-997
-992
-994
-992
-989
-991
-996
-993
-1001
-996
-995
-1001
-992
-993
-996
-998
-998
-999
-999
-995
-999
-995
-996
-994
-997
-999
-992
-995
-993
-997
-993
-995
-996
-995
-993
-997
-991
-999
-996
-989
-997
-996
-999
-995
-998
-998
-990
-994
-993
-995
-989
-1000
-994
-988
-992
-992
-997
-996
-999
-989
-996
-1000
-994
-991
-993
-993
-995
-994
-993
-998
-998
-989
-992
-1000
-994
-995
-997
-1001
-995
-999
-994
-996
-996
-994
-994
-993
-992
-994
-996
-998
-999
-992
-995
-998
-996
-995
-1002
-995
-999
-993
-992
-994
