Y_Accel_down = [
932
933
935
935
938
936
938
937
934
932
933
940
935
937
932
935
940
937
937
936
931
938
934
931
936
932
930
940
937
933
939
935
930
935
935
934
931
937
936
937
937
933
934
935
932
937
940
933
930
934
932
937
940
938
936
939
933
938
929
938
933
937
931
935
933
927
934
930
939
934
942
931
930
934
936
938
941
940
938
938
937
937
931
933
933
933
931
936
937
935
939
933
937
935
937
938
928
928
936
932
940
938
936
939
928
933
931
938
928
937
934
933
937
932
935
931
932
938
941
929
932
933
936
935
931
932
936
935
931
941
936
936
937
934
932
930
932
934
939
940
930
937
935
937
935
933
929
938
930
932
935
935
936
938
934
938
936
933
935
940
934
942
931
931
934
931
937
936
936
941
934
933
933
931
943
939
939
935
935
929
938
933
937
932
933
929
929
933
938
936
932
931
932
929
936
929
935
935
934
934
938
938
939
932
938
932
936
936
937
941
938
938
937
934
931
931
936
932
935
935
936
928
937
937
928
938
935
938
935
936
935
937
936
938
932
933
937
936
930
935
929
937
937
939
934
936
938
943
940
939
937
941
933
934
929
941
931
936
933
934
934
936
936
940
940
934
932
932
940
934
940
935
935
937
936
931
938
935
934
935
937
937
933
933
939
933
934
935
937
933
935
933
938
931
935
930
936
935
938
930
927
937
934
930
940
941
936
934
936
938
939
933
941
937
938
937
937
932
932
934
928
935
939
932
932
930
935
938
933
936
938
935
938
933
938
939
934
936
939
937
936
934
941
940
938
935
929
938
936
934
932
931
934
935
933
935
935
934
938
936
939
935
929
935
938
934
932
937
937
931
936
931
931
944
936
931
945
942
938
935
934
931
933
941
939
935
940
938
933
937
934
934
938
932
939
930
935
940
935
933
935
929
935
931
931
934
931
935
935
937
932
935
939
935
928
933
933
937
932
934
936
934
934
936
937
928
933
931
935
938
936
937
939
928
936
938
932
938
935
939
935
937
938
933
936
940
935
936
936
937
936
928
933
942
935
935
937
935
937
936
930
933
937
934
935
932
942
934
935
935
931
934
935
936
935
937
936
931
935
932
933
930
937
935
932
931
934
932
936
932
938
939
937
934
936
934
938
936
929
927
937
937
933
933
934
934
935
935
938
936
937
933
936
934
937
939
927
938
937
936
936
934
934
938
934
934
931
934
931
935
928
935
931
936
942
934
934
932
933
936
936
940
934
938
937
931
934
934
930
939
935
935
934
935
937
938
933
933
935
935
935
937
937
933
940
932
935
936
940
937
933
931
932
932
935
936
935
939
933
937
934
929
937
939
929
933
936
937
931
934
935
930
932
940
934
939
941
937
939
937
938
939
938
933
938
937
929
938
941
938
934
932
931
934
933
934
939
931
930
930
931
937
937
937
932
936
934
933
933
942
935
932
934
936
939
941
937
933
934
930
934
937
934
939
934
938
931
937
937
938
935
933
935
937
934
937
935
930
933
931
930
933
937
938
938
934
934
934
934
931
933
943
930
927
932
931
929
933
933
938
936
940
929
934
933
938
931
944
929
936
930
937
934
938
935
936
936
937
938
934
936
932
934
934
939
934
936
936
935
936
927
928
934
932
934
936
936
936
936
938
938
935
936
940
935
926
930
932
934
932
936
936
940
938
937
935
937
936
938
936
936
929
935
941
935
935
935
932
938
938
935
933
934
935
940
931
941
936
938
936
927
935
932
932
932
933
930
934
934
934
934
928
930
933
934
933
932
932
933
935
937
932
934
930
927
935
936
937
936
934
931
938
937
934
934
940
941
933
938
936
938
940
929
932
938
931
937
925
925
940
944
939
939
934
932
935
926
936
935
930
937
938
936
938
934
936
934
934
935
932
933
933
938
938
940
937
931
933
931
935
932
933
936
928
937
936
929
937
933
940
934
930
935
928
931
933
941
939
935
940
930
940
929
937
936
927
928
941
938
934
935
932
940
934
939
941
936
939
934
934
933
936
936
936
937
937
939
932
938
933
933
939
931
937
933
932
938
933
935
935
935
937
935
928
928
929
938
932
933
937
936
936
939
938
938
936
941
936
933
933
936
935
932
929
931
929
933
939
929
936
940
931
931
934
934
931
933
937
932
939
932
938
934
932
935
937
933
937
941
935
933
932
929
930
938
937
935
937
929
933
932
930
934
941
930
928
933
940
937
937
939
939
931
941
941
932
933
934
932
927
932
935
936
934
937
935
942
932
932
938
935
936
936
936
932
931
935
936
938
934
939
933
933
937
941
933
935
937
935
933
934
939
931
932
936
934
936
937
937
933
931
929
938
939
931
933
932
936
941
934
936
935
931
940
933
927
930
937
935
936
937
932
939
937
934
934
935
933
932
934
940
935
940
937
932
935
940
935
931
933
934
928
933
936
941
937
936
934
938
936
938
939
934
940
940
934
941
937
933
937
937
933
935
934
934
939
930
926
926
941
930
933
938
937
936
936
940
932
933
935
941
929
928
930
938
944
938
929
933
929
936
935
938
937
938
936
935
937
933
940
937
939
945
937
938
934
929
923
935
938
937
939
940
931
937
935
938
941
931
941
943
937
935
930
931
928
934
933
933
930
935
935
934
940
936
938
939
946
935
948
934
926
934
934
932
938
935
941
941
935
934
931
937
931
942
942
937
938
942
937
937
931
934
938
935
936
936
935
936
934
935
934
934
934
936
934
933
933
933
936
941
934
934
943
935
939
942
940
934
933
933
936
933
937
936
932
937
932
927
935
933
933
936
930
931
936
936
938
936
931
940
932
940
935
930
937
936
933
935
935
939
938
939
939
932
939
940
936
944
935
938
930
939
937
935
934
937
928
938
936
937
932
938
935
933
938
939
928
928
934
940
936
934
943
936
933
937
931
934
936
936
935
934
934
936
934
937
940
935
935
937
929
943
936
935
936
941
941
938
929
935
938
935
937
929
933
941
937
933
939
934
933
932
932
937
936
932
936
932
934
933
942
933
934
935
939
932
939
935
934
934
936
935
935
933
938
938
933
935
940
937
941
934
934
937
935
934
934
932
933
937
930
935
936
937
935
937
932
935
934
934
933
935
942
942
935
936
930
934
929
931
938
937
936
933
932
931
938
939
932
934
941
933
936
938
932
933
930
934
934
939
937
936
939
926
934
935
930
935
932
930
930
935
938
937
940
934
934
933
928
932
936
935
936
933
942
942
937
935
936
933
939
936
933
932
936
937
936
933
936
937
932
934
932
932
935
935
935
939
938
936
940
931
934
937
933
936
933
933
935
941
933
934
929
936
933
933
935
935
937
935
940
937
941
938
933
939
942
932
932
937
939
938
938
935
936
934
933
931
939
934
932
938
935
936
943
934
939
937
931
935
936
934
937
937
933
937
932
934
937
933
929
935
936
934
937
938
934
937
940
933
934
934
934
931
934
936
934
935
938
935
932
934
930
937
938
937
941
933
933
937
932
939
935
936
931
931
941
933
933
938
939
929
933
933
939
936
936
936
939
936
929
933
933
930
936
940
935
932
936
939
938
933
936
934
934
935
936
936
933
934
939
933
932
934
932
935
935
937
936
942
936
937
925
942
931
934
939
934
941
933
936
938
936
939
932
937
931
937
935
935
928
937
937
933
941
932
938
933
933
937
932
938
933
929
936
931
936
931
936
935
942
938
936
941
941
938
937
933
932
937
935
937
931
933
937
937
941
933
933
933
939
933
934
936
939
940
937
934
931
937
941
933
937
932
933
934
929
932
933
937
931
929
938
937
931
940
932
934
934
933
932
937
930
935
935
932
932
934
926
936
938
930
940
937
934
934
935
938
939
933
939
931
932
928
934
934
930
940
937
933
929
930
934
939
938
936
935
938
938
938
933
933
928
934
933
935
938
927
939
939
938
937
928
929
942
934
934
934
933
938
933
937
933
937
935
939
932
929
933
938
935
940
928
930
935
929
927
931
932
930
936
934
941
933
939
937
936
935
943
934
938
940
938
932
933
933
939
940
937
935
936
935
930
937
937
932
932
932
934
938
938
935
931
943
937
934
938
941
938
930
938
938
935
927
939
933
932
932
928
937
935
936
939
938
937
945
940
932
929
930
932
932
936
936
939
939
938
929
937
937
940
935
936
937
937
937
938
938
933
936
929
933
934
932
933
932
940
933
937
935
932
939
935
937
936
935
931
944
933
931
935
939
936
932
937
933
930
935
930
938
938
940
936
930
931
935
934
938
937
933
939
930
934
935
932
934
935
944
937
938
932
932
934
939
936
934
933
935
934
935
937
938
935
936
935
933
937
937
936
933
935
938
936
935
936
931
936
936
934
932
942
934
935
930
934
934
937
938
937
932
939
938
932
936
935
937
933
931
939
931
940
937
934
936
935
930
935
938
935
937
936
933
935
931
938
936
937
938
936
942
941
936
935
931
937
935
928
939
938
934
929
935
934
932
935
939
933
937
934
938
934
934
935
937
938
940
936
941
937
935
932
931
934
938
931
930
936
937
936
932
929
937
937
937
