Y_Accel_up = [-1036
-1032
-1036
-1034
-1043
-1036
-1036
-1038
-1040
-1041
-1038
-1044
-1035
-1039
-1042
-1039
-1041
-1042
-1040
-1045
-1040
-1036
-1040
-1041
-1043
-1043
-1041
-1039
-1040
-1037
-1034
-1040
-1037
-1040
-1037
-1040
-1042
-1035
-1028
-1041
-1037
-1037
-1040
-1041
-1035
-1037
-1039
-1038
-1044
-1036
-1040
-1037
-1037
-1043
-1040
-1038
-1036
-1037
-1038
-1040
-1037
-1040
-1038
-1040
-1040
-1034
-1039
-1040
-1035
-1044
-1038
-1043
-1037
-1041
-1037
-1039
-1041
-1036
-1036
-1036
-1042
-1043
-1041
-1039
-1042
-1039
-1037
-1035
-1035
-1041
-1037
-1041
-1045
-1038
-1041
-1039
-1036
-1039
-1036
-1044
-1034
-1037
-1043
-1041
-1037
-1039
-1039
-1039
-1038
-1038
-1043
-1037
-1036
-1038
-1042
-1039
-1045
-1034
-1035
-1039
-1041
-1045
-1040
-1039
-1039
-1040
-1043
-1035
-1043
-1040
-1038
-1041
-1041
-1041
-1039
-1042
-1037
-1039
-1038
-1036
-1035
-1042
-1037
-1038
-1035
-1039
-1037
-1040
-1037
-1038
-1038
-1032
-1037
-1036
-1036
-1039
-1035
-1041
-1040
-1041
-1039
-1038
-1037
-1037
-1038
-1035
-1038
-1043
-1041
-1034
-1034
-1037
-1040
-1034
-1040
-1035
-1048
-1031
-1035
-1041
-1041
-1043
-1038
-1036
-1036
-1038
-1038
-1031
-1041
-1039
-1033
-1031
-1030
-1041
-1041
-1037
-1034
-1031
-1037
-1036
-1036
-1038
-1034
-1033
-1037
-1032
-1040
-1041
-1044
-1036
-1044
-1043
-1039
-1036
-1035
-1038
-1044
-1037
-1035
-1042
-1037
-1037
-1039
-1039
-1039
-1042
-1036
-1043
-1035
-1038
-1039
-1042
-1040
-1035
-1036
-1041
-1036
-1036
-1037
-1036
-1041
-1042
-1034
-1037
-1037
-1033
-1034
-1032
-1039
-1035
-1038
-1037
-1042
-1038
-1029
-1036
-1041
-1041
-1032
-1034
-1039
-1033
-1034
-1036
-1037
-1038
-1037
-1035
-1034
-1040
-1034
-1028
-1043
-1036
-1039
-1039
-1042
-1034
-1037
-1045
-1039
-1044
-1040
-1042
-1039
-1038
-1037
-1036
-1037
-1038
-1042
-1036
-1040
-1034
-1032
-1029
-1035
-1036
-1041
-1040
-1034
-1037
-1038
-1044
-1046
-1040
-1033
-1045
-1044
-1041
-1036
-1037
-1042
-1044
-1039
-1033
-1040
-1037
-1041
-1041
-1039
-1039
-1041
-1041
-1035
-1036
-1036
-1043
-1042
-1042
-1035
-1036
-1036
-1039
-1036
-1041
-1040
-1038
-1041
-1039
-1035
-1039
-1042
-1031
-1039
-1041
-1035
-1048
-1051
-1036
-1035
-1030
-1041
-1045
-1040
-1038
-1038
-1040
-1041
-1034
-1041
-1040
-1035
-1035
-1037
-1040
-1038
-1031
-1038
-1033
-1041
-1042
-1038
-1036
-1038
-1037
-1032
-1035
-1037
-1035
-1038
-1042
-1031
-1034
-1041
-1034
-1033
-1040
-1041
-1042
-1035
-1038
-1042
-1037
-1038
-1038
-1038
-1036
-1041
-1041
-1033
-1040
-1041
-1032
-1038
-1034
-1035
-1035
-1032
-1035
-1045
-1037
-1036
-1036
-1041
-1042
-1034
-1035
-1039
-1038
-1030
-1041
-1037
-1033
-1039
-1043
-1039
-1035
-1038
-1040
-1039
-1031
-1038
-1037
-1037
-1038
-1035
-1035
-1042
-1046
-1033
-1038
-1043
-1042
-1042
-1036
-1038
-1042
-1037
-1047
-1036
-1032
-1038
-1033
-1038
-1034
-1037
-1038
-1036
-1035
-1034
-1040
-1039
-1044
-1036
-1037
-1041
-1038
-1037
-1037
-1039
-1035
-1037
-1042
-1041
-1045
-1038
-1036
-1041
-1037
-1043
-1039
-1042
-1039
-1035
-1034
-1033
-1034
-1040
-1039
-1037
-1041
-1041
-1038
-1044
-1034
-1031
-1035
-1036
-1035
-1041
-1040
-1040
-1032
-1037
-1036
-1037
-1036
-1046
-1040
-1041
-1034
-1037
-1033
-1045
-1044
-1043
-1036
-1036
-1035
-1034
-1043
-1053
-1055
-1034
-1017
-1019
-1031
-1037
-1049
-1052
-1042
-1033
-1034
-1035
-1038
-1043
-1044
-1036
-1034
-1038
-1039
-1039
-1034
-1029
-1036
-1035
-1035
-1045
-1038
-1035
-1031
-1038
-1037
-1039
-1034
-1029
-1034
-1032
-1036
-1036
-1032
-1038
-1035
-1040
-1038
-1034
-1040
-1033
-1041
-1041
-1040
-1041
-1037
-1042
-1038
-1033
-1034
-1038
-1036
-1039
-1034
-1035
-1039
-1039
-1034
-1039
-1041
-1044
-1040
-1041
-1041
-1035
-1041
-1038
-1040
-1038
-1034
-1033
-1038
-1040
-1041
-1041
-1040
-1034
-1038
-1034
-1042
-1038
-1034
-1034
-1034
-1035
-1037
-1041
-1039
-1036
-1035
-1038
-1041
-1038
-1033
-1041
-1031
-1038
-1033
-1032
-1037
-1038
-1038
-1033
-1037
-1037
-1038
-1038
-1036
-1041
-1036
-1037
-1038
-1039
-1044
-1040
-1037
-1035
-1043
-1034
-1043
-1038
-1040
-1040
-1039
-1038
-1036
-1041
-1040
-1044
-1034
-1039
-1034
-1042
-1029
-1038
-1041
-1040
-1042
-1034
-1032
-1035
-1036
-1036
-1037
-1037
-1037
-1040
-1036
-1034
-1041
-1041
-1041
-1036
-1037
-1039
-1040
-1038
-1035
-1035
-1038
-1040
-1040
-1038
-1046
-1033
-1032
-1037
-1039
-1040
-1036
-1034
-1037
-1039
-1040
-1037
-1036
-1038
-1036
-1039
-1039
-1037
-1036
-1036
-1039
-1037
-1042
-1039
-1044
-1034
-1035
-1033
-1038
-1036
-1038
-1038
-1040
-1039
-1044
-1038
-1043
-1031
-1041
-1040
-1045
-1033
-1041
-1041
-1038
-1037
-1035
-1037
-1036
-1041
-1042
-1042
-1040
-1036
-1042
-1039
-1036
-1039
-1042
-1043
-1032
-1043
-1031
-1038
-1037
-1033
-1040
-1040
-1037
-1040
-1034
-1037
-1032
-1038
-1032
-1029
-1029
-1039
-1041
-1033
-1035
-1035
-1038
-1038
-1037
-1033
-1033
-1033
-1033
-1045
-1032
-1037
-1032
-1039
-1037
-1035
-1042
-1038
-1035
-1036
-1038
-1041
-1044
-1036
-1040
-1037
-1043
-1041
-1042
-1028
-1039
-1041
-1039
-1038
-1043
-1027
-1031
-1044
-1041
-1038
-1034
-1033
-1041
-1036
-1040
-1038
-1041
-1039
-1036
-1035
-1041
-1041
-1032
-1044
-1041
-1038
-1040
-1037
-1037
-1043
-1042
-1034
-1038
-1038
-1031
-1040
-1030
-1035
-1037
-1039
-1032
-1029
-1029
-1036
-1037
-1035
-1041
-1039
-1039
-1041
-1035
-1036
-1040
-1034
-1040
-1039
-1033
-1040
-1029
-1039
-1042
-1036
-1039
-1038
-1035
-1035
-1028
-1038
-1033
-1042
-1041
-1035
-1037
-1040
-1036
-1035
-1033
-1043
-1038
-1043
-1047
-1045
-1038
-1016
-1024
-1032
-1044
-1045
-1050
-1041
-1039
-1032
-1042
-1043
-1034
-1037
-1038
-1038
-1043
-1042
-1039
-1036
-1033
-1037
-1041
-1042
-1045
-1036
-1031
-1041
-1034
-1041
-1040
-1042
-1045
-1043
-1036
-1041
-1039
-1043
-1040
-1034
-1043
-1037
-1039
-1034
-1038
-1029
-1033
-1033
-1040
-1036
-1030
-1029
-1035
-1035
-1039
-1036
-1036
-1038
-1036
-1033
-1036
-1034
-1032
-1036
-1041
-1028
-1036
-1036
-1036
-1038
-1041
-1035
-1032
-1029
-1034
-1031
-1041
-1037
-1038
-1038
-1034
-1041
-1039
-1039
-1040
-1031
-1035
-1039
-1038
-1036
-1040
-1041
-1035
-1042
-1039
-1037
-1043
-1033
-1043
-1041
-1042
-1040
-1040
-1046
-1046
-1047
-1045
-1043
-1041
-1040
-1044
-1041
-1037
-1037
-1034
-1035
-1038
-1040
-1041
-1042
-1035
-1035
-1033
-1038
-1038
-1037
-1045
-1040
-1032
-1039
-1045
-1040
-1038
-1041
-1036
-1035
-1039
-1040
-1035
-1041
-1040
-1034
-1043
-1039
-1037
-1040
-1036
-1044
-1038
-1038
-1033
-1031
-1033
-1038
-1037
-1042
-1034
-1041
-1035
-1037
-1038
-1040
-1040
-1040
-1035
-1039
-1033
-1033
-1037
-1034
-1037
-1038
-1038
-1034
-1038
-1039
-1041
-1036
-1033
-1042
-1035
-1041
-1036
-1034
-1034
-1035
-1031
-1039
-1037
-1038
-1035
-1035
-1039
-1030
-1034
-1035
-1036
-1041
-1041
-1033
-1035
-1032
-1037
-1038
-1034
-1038
-1040
-1040
-1038
-1039
-1041
-1042
-1041
-1047
-1040
-1037
-1043
-1038
-1037
-1040
-1039
-1042
-1041
-1035
-1040
-1040
-1038
-1040
-1040
-1041
-1041
-1039
-1040
-1039
-1039
-1043
-1045
-1042
-1040
-1038
-1042
-1040
-1039
-1038
-1034
-1029
-1038
-1034
-1037
-1040
-1040
-1037
-1040
-1036
-1034
-1039
-1036
-1029
-1034
-1038
-1034
-1036
-1031
-1035
-1033
-1031
-1042
-1039
-1041
-1040
-1039
-1042
-1037
-1038
-1043
-1041
-1042
-1029
-1042
-1033
-1034
-1040
-1041
-1039
-1039
-1036
-1031
-1038
-1036
-1039
-1037
-1041
-1043
-1040
-1040
-1039
-1041
-1036
-1033
-1039
-1040
-1035
-1038
-1035
-1039
-1036
-1043
-1041
-1036
-1033
-1039
-1037
-1037
-1033
-1042
-1041
-1035
-1040
-1042
-1038
-1039
-1037
-1034
-1039
-1037
-1039
-1037
-1038
-1039
-1040
-1038
-1041
-1032
-1030
-1037
-1039
-1031
-1037
-1036
-1038
-1039
-1038
-1039
-1037
-1038
-1039
-1039
-1041
-1036
-1036
-1034
-1044
-1033
-1039
-1041
-1042
-1041
-1037
-1036
-1041
-1045
-1036
-1034
-1039
-1040
-1035
-1041
-1032
-1046
-1036
-1040
-1039
-1040
-1043
-1041
-1035
-1040
-1033
-1040
-1042
-1035
-1038
-1042
-1032
-1032
-1036
-1032
-1037
-1043
-1037
-1040
-1038
-1038
-1037
-1041
-1045
-1035
-1042
-1035
-1038
-1034
-1040
-1044
-1035
-1039
-1042
-1041
-1035
-1037
-1041
-1034
-1043
-1042
-1033
-1037
-1032
-1040
-1038
-1039
-1035
-1037
-1036
-1038
-1043
-1039
-1039
-1035
-1035
-1036
-1042
-1039
-1029
-1041
-1039
-1036
-1035
-1042
-1044
-1033
-1044
-1042
-1042
-1038
-1044
-1039
-1037
-1035
-1039
