gyro_rot2_x =[-0.885496 -0.503817 0.778626 
-1.801527 -0.709924 0.206107 
-1.496183 -1.068702 -0.099237 
-0.488550 -2.129771 0.694656 
-1.305344 -1.770992 0.251908 
-1.412214 -1.916031 -0.267176 
-0.648855 -2.015267 -0.297710 
0.015267 -1.389313 -0.244275 
-0.580153 -1.213740 -0.511450 
-0.122137 -1.236641 -0.702290 
-0.022901 -0.633588 -0.656489 
-0.442748 -0.229008 -0.763359 
0.183206 0.251908 -0.580153 
-0.969466 0.717557 -1.000000 
-2.519084 1.053435 -0.618321 
-2.511450 1.274809 0.328244 
-2.129771 1.122137 -0.030534 
-2.473282 2.740458 -1.061069 
-3.129771 3.419847 -1.190840 
-4.488550 3.251908 -1.809160 
-4.977099 2.946565 -1.458015 
-6.465649 0.885496 -1.251908 
-8.145039 1.099237 -1.748092 
-9.229008 0.206107 -0.251908 
-7.977099 0.656489 -0.404580 
-6.404580 1.251908 0.396947 
-6.267176 1.183206 0.167939 
-4.641222 -0.022901 -0.816794 
-3.877863 -1.870229 -0.862595 
-4.610687 -2.320611 -0.328244 
-5.206107 -4.503817 1.404580 
-2.450382 -5.145038 3.091603 
-0.129771 -4.572519 2.839695 
-0.893130 -3.702290 1.320611 
-0.099237 -2.541985 0.442748 
1.534351 -1.259542 0.442748 
0.580153 0.946565 -0.206107 
0.320611 1.801527 -0.450382 
-0.740458 1.778626 0.801527 
0.015267 1.641221 1.641221 
-0.274809 1.351145 1.725191 
-1.053435 1.122137 2.175573 
-0.221374 0.358779 2.740458 
1.190840 0.045802 2.816794 
0.618321 0.786260 1.244275 
0.992366 0.480916 1.511450 
2.106870 0.290076 2.343511 
1.442748 -0.900763 2.358779 
0.954198 -0.809160 2.251908 
1.473282 -1.755725 2.396947 
2.099237 -1.419847 2.175573 
1.045802 -1.137405 1.511450 
0.351145 -1.152672 1.106870 
0.854962 -0.702290 1.015267 
-0.129771 -0.198473 0.633588 
-0.839695 0.328244 0.335878 
-2.503817 0.259542 0.106870 
-3.259542 1.061069 0.404580 
-4.931298 0.328244 0.435115 
-5.519084 0.610687 0.488550 
-3.458015 0.167939 1.534351 
-3.893130 -0.167939 1.007634 
-3.572519 -0.404580 0.145038 
-3.099237 -0.969466 0.251908 
-2.259542 -1.106870 0.053435 
-2.351145 -3.251908 0.702290 
-2.435115 -2.885496 1.221374 
-1.648855 -3.442748 1.450382 
-3.458015 -3.343511 1.190840 
-2.389313 -3.297710 1.320611 
0.122137 -3.580153 2.419847 
-0.290076 -2.221374 1.847328 
-1.251908 -0.938931 0.854962 
-0.694656 -0.274809 1.076336 
-0.396947 -0.786260 1.458015 
-1.381679 -0.404580 1.748092 
-2.847328 -0.854962 1.488550 
-21.374046 1.465649 -7.106870 
-14.656488 7.908397 -15.977099 
-14.129771 -0.961832 -10.022901 
-7.549618 2.847328 -7.236641 
-14.625955 1.931298 -4.801527 
-23.824427 2.251908 -1.854962 
-21.908398 0.549618 -1.213740 
-25.412214 0.618321 -3.152672 
-34.312977 -2.145038 -2.404580 
-36.213741 -0.900763 -4.091603 
-32.137405 -1.465649 -6.015267 
-31.778625 -5.076336 -9.030535 
-51.725189 -6.763359 -13.335877 
-74.282440 -2.732824 -5.961832 
-94.129768 7.656488 13.366412 
-61.061069 9.992367 6.755725 
-21.694656 -3.068702 1.816794 
9.030535 -9.007633 0.709924 
5.473282 -12.297709 5.320611 
-24.839695 -2.450382 -1.259542 
-42.167938 -4.511450 -13.801527 
-52.519085 -2.106870 -22.854961 
-88.816795 10.618320 -22.893129 
-99.473282 6.793893 -20.511450 
-82.923668 6.412214 -18.435114 
-81.786263 1.442748 -19.137405 
-72.648857 1.251908 -19.488550 
-74.557251 -0.511450 -24.671755 
-71.465652 -0.969466 -24.297710 
-95.709923 -4.106870 -29.984734 
-110.755722 2.045802 -29.793894 
-115.290077 0.099237 -29.816793 
-114.908394 -1.213740 -31.282442 
-111.595421 -2.007634 -28.809160 
-99.595421 2.099237 -25.374046 
-91.572517 -7.076336 -28.335878 
-84.916031 -6.366412 -30.740458 
-87.351143 -6.908397 -29.595419 
-81.908394 -7.664122 -28.099237 
-80.732826 -7.992366 -26.725191 
-84.274811 -9.786260 -21.129770 
-80.503815 -4.801527 -15.900764 
-68.984734 -5.435114 -14.992367 
-58.770992 -9.923664 -14.450381 
-52.030533 -9.648855 -13.015267 
-57.893131 -8.603053 -11.320611 
-60.755726 -4.419847 -12.198473 
-61.076336 0.954198 -6.923664 
-66.763359 4.351145 -2.488550 
-58.832062 0.274809 -1.816794 
-50.358780 -6.984733 -4.946565 
-42.244274 -6.664122 -3.625954 
-37.854961 -9.900764 5.931298 
-37.664124 -12.183207 13.916031 
-39.572517 -14.335877 11.977099 
-40.328243 -15.679389 10.007633 
-36.259541 -13.381680 8.045801 
-48.610687 -14.770992 3.106870 
-51.389313 -18.465649 1.610687 
-58.358780 -10.389313 2.045802 
-59.992367 1.503817 7.870229 
-69.572517 12.770992 13.244275 
-91.396950 11.274809 40.450382 
-75.175575 24.488550 34.068703 
-49.900764 19.404581 22.091602 
-19.099237 9.717557 8.351145 
-86.748093 20.526718 -31.862595 
-68.687019 12.732824 -13.267176 
-76.000000 13.000000 -17.908398 
-69.229004 6.770992 -6.412214 
-65.328247 4.755725 -9.931297 
-64.503815 5.404580 -21.992367 
-113.335876 20.938931 -74.152672 
-73.511452 -17.412214 -37.106869 
-51.450382 -18.740458 -20.061069 
-67.282440 -31.206106 -17.442749 
-87.145035 -44.938931 -25.832062 
-90.251907 -36.175571 -48.519085 
-94.167938 -33.320610 -50.572517 
-94.503815 -41.625954 -41.045803 
-84.603050 -37.450382 -26.847328 
-90.534348 -41.312977 -16.618320 
-88.862595 -40.832062 -6.343512 
-133.038162 -64.511452 -28.717558 
-169.022903 -102.862595 -38.106869 
-149.114502 -93.786263 -15.694656 
-71.190842 -45.839695 5.091603 
-23.847328 1.458015 22.541985 
-20.832062 10.175572 19.595419 
-43.259541 1.015267 8.908397 
-40.778625 4.526718 3.419847 
-37.244274 5.633588 -1.671756 
-48.251907 -2.427481 -7.015267 
-45.977100 -3.984733 -7.358778 
-29.320610 7.587786 -8.114504 
-15.381680 15.534351 -5.648855 
-18.969465 13.961832 -3.458015 
-36.671757 8.923664 -21.694656 
-39.435116 11.022901 -15.152672 
-51.297710 6.435114 -2.572519 
-59.374046 -7.854962 -2.343511 
-56.961834 -16.656488 -0.038168 
-67.183205 -37.641220 10.709924 
-107.045799 -74.534348 8.236641 
-136.992371 -87.977097 -1.786260 
-134.984726 -66.320610 -14.190840 
-120.961830 -47.366413 -22.778625 
-100.488548 -25.641222 -20.671755 
-71.045799 -7.465649 -7.206107 
-57.900764 -3.091603 4.977099 
-57.717556 -4.473282 5.793893 
-53.251907 -6.030534 8.366412 
-65.687019 -2.450382 5.580153 
-74.076332 2.122137 8.129771 
-94.404579 -3.786260 13.259542 
-105.022903 4.809160 14.351145 
-95.236641 12.053435 14.099236 
-78.633591 18.167938 18.870230 
-82.801529 9.702291 12.732824 
-89.580154 8.534351 5.580153 
-98.404579 13.404580 1.381679 
-89.946564 18.725191 5.328244 
-99.954201 7.900764 -0.496183 
-96.671753 -0.824427 -8.435115 
-80.854965 -2.419847 0.618321 
-85.335876 -0.290076 2.419847 
-93.030533 1.030534 -2.076336 
-89.458015 2.458015 -3.519084 
-85.076332 -4.648855 -2.763359 
-87.648857 -8.862596 -7.603054 
-77.755722 -1.175573 3.648855 
-68.496185 -5.045802 2.534351 
-62.725189 -8.633588 12.259542 
-54.328243 -3.076336 30.000000 
-56.595421 -6.000000 27.122137 
-40.893131 -13.694656 40.633587 
-30.740458 -20.740458 41.106869 
-35.755726 -21.748091 31.671755 
-38.282444 -18.671755 8.977099 
-23.541985 -14.038168 17.938931 
-22.832062 -9.442748 31.229008 
-17.175573 -5.442748 27.587786 
-13.557252 -7.259542 22.564886 
-20.160305 -9.877863 19.824427 
-17.923664 -12.290076 -2.847328 
-2.358779 -19.053434 9.190840 
-11.083969 -12.992367 15.648855 
-0.854962 -6.175572 9.343512 
-6.465649 -3.000000 5.534351 
-1.534351 -0.221374 13.389313 
10.526717 5.190840 14.732824 
14.580153 11.389313 10.496183 
21.038168 14.656488 12.297709 
61.671757 -59.748093 0.641221 
54.648853 -60.160305 -3.206107 
37.618320 -5.229008 6.358778 
31.580153 1.664122 18.038168 
41.015266 -8.450381 17.992367 
46.404579 -4.992366 12.877863 
53.129772 2.030534 12.007633 
61.206108 -0.137405 10.366412 
74.045799 0.145038 5.770992 
85.000000 -1.549618 -0.648855 
91.534348 -3.870229 -0.977099 
87.977097 -1.267176 2.022901 
69.625954 10.625955 4.541985 
70.305344 21.167938 7.007634 
76.091606 12.587787 9.175572 
85.656487 9.435115 7.931298 
82.000000 9.274809 5.251908 
87.870232 6.480916 10.656488 
77.977097 3.190840 6.687023 
90.839691 -2.190840 10.290076 
100.122139 -10.587787 15.503817 
107.526718 -13.312977 28.312977 
108.458015 -14.709924 27.221375 
111.786263 -12.618320 24.045801 
108.259544 -12.977099 20.374046 
