gyro_madness = [0.137405 0.137405 -0.045802 
0.038168 -0.099237 -0.183206 
-0.167939 -0.022901 -0.091603 
0.114504 -0.007634 0.175573 
-0.091603 0.152672 -0.251908 
-0.083969 -0.213740 0.160305 
-0.045802 0.160305 -0.015267 
-0.083969 -0.145038 -0.076336 
0.106870 0.045802 0.007634 
0.137405 0.022901 0.221374 
-0.038168 -0.145038 0.145038 
-0.007634 0.183206 0.221374 
-0.015267 -0.190840 -0.068702 
0.099237 0.022901 -0.099237 
0.053435 -0.038168 -0.038168 
0.030534 0.000000 -0.045802 
-0.251908 0.053435 0.114504 
-0.167939 0.091603 -0.175573 
-0.053435 -0.083969 0.022901 
-0.198473 -0.183206 -0.106870 
0.068702 -0.022901 0.000000 
-0.122137 0.022901 -0.091603 
-0.221374 -0.022901 -0.061069 
-0.022901 0.038168 -0.114504 
-0.167939 0.022901 0.015267 
0.076336 -0.396947 0.076336 
-0.083969 0.061069 0.015267 
-0.114504 0.061069 -0.175573 
-0.053435 -0.114504 0.083969 
-0.061069 -0.099237 -0.030534 
-0.045802 0.198473 -0.083969 
0.015267 -0.053435 0.007634 
0.190840 -0.122137 -0.038168 
-0.083969 -0.022901 0.091603 
0.167939 0.106870 -0.167939 
-0.045802 -0.091603 0.053435 
-0.022901 0.152672 -0.091603 
-0.030534 -0.015267 -0.229008 
0.076336 -0.015267 0.030534 
-0.061069 0.114504 -0.145038 
0.045802 -0.076336 -0.152672 
-0.030534 0.022901 0.114504 
-0.076336 -0.167939 0.053435 
-0.076336 0.030534 -0.022901 
0.061069 0.198473 -0.038168 
-0.007634 -0.045802 -0.068702 
0.160305 -0.053435 -0.160305 
0.160305 0.099237 -0.122137 
-0.091603 -0.007634 -0.175573 
0.038168 0.221374 -0.229008 
0.068702 0.076336 -0.167939 
0.061069 -0.236641 -0.007634 
0.068702 0.030534 -0.007634 
0.053435 -0.175573 -0.251908 
0.053435 -0.137405 -0.007634 
0.129771 0.015267 -0.007634 
-0.053435 -0.114504 0.091603 
0.145038 -0.038168 -0.053435 
0.038168 -0.038168 -0.091603 
-0.007634 -0.083969 -0.183206 
-0.106870 0.053435 -0.152672 
0.099237 0.083969 -0.053435 
0.022901 0.106870 -0.190840 
-0.022901 -0.190840 0.068702 
0.061069 -0.061069 -0.053435 
0.198473 0.183206 -0.106870 
0.015267 0.007634 -0.083969 
-0.083969 -0.053435 0.007634 
0.045802 0.015267 0.015267 
-0.175573 0.122137 -0.274809 
-0.137405 0.091603 -0.160305 
0.007634 0.076336 -0.167939 
-0.007634 -0.358779 0.068702 
-0.305344 0.015267 0.145038 
-0.061069 0.206107 -0.015267 
-0.114504 0.045802 -0.236641 
-0.076336 0.221374 0.038168 
-0.022901 0.053435 0.114504 
0.038168 0.030534 -0.160305 
0.007634 -0.267176 -0.152672 
-0.061069 -0.259542 0.251908 
-0.015267 0.007634 0.030534 
-0.091603 0.312977 -0.076336 
-0.083969 0.053435 0.007634 
0.160305 0.045802 0.106870 
-0.145038 0.206107 -0.183206 
-0.175573 0.091603 -0.045802 
-0.091603 0.129771 0.068702 
0.045802 0.000000 -0.297710 
-0.129771 -0.053435 0.137405 
0.129771 -0.290076 0.167939 
-0.015267 -0.007634 -0.122137 
-0.099237 -0.053435 -0.122137 
-0.045802 0.076336 -0.152672 
0.129771 -0.183206 -0.236641 
0.061069 -0.259542 -0.007634 
-0.167939 -0.114504 0.137405 
-0.312977 0.053435 -0.053435 
0.061069 -0.030534 0.068702 
-0.007634 0.129771 -0.145038 
-0.045802 0.076336 0.068702 
0.076336 -0.068702 0.114504 
0.114504 0.122137 -0.007634 
0.030534 0.274809 -0.053435 
-0.030534 -0.404580 0.068702 
0.061069 0.000000 0.099237 
-0.160305 -0.022901 0.160305 
-0.106870 -0.007634 -0.030534 
-0.099237 0.091603 -0.061069 
0.000000 0.198473 -0.061069 
-0.038168 0.076336 -0.358779 
-0.145038 0.045802 -0.061069 
-0.114504 -0.099237 -0.038168 
0.061069 -0.229008 0.160305 
0.022901 -0.129771 0.053435 
-0.099237 -0.022901 0.061069 
-0.030534 0.137405 -0.167939 
-0.007634 0.038168 -0.198473 
0.007634 0.015267 -0.030534 
-0.083969 -0.099237 -0.122137 
-0.061069 0.167939 -0.053435 
0.114504 -0.137405 -0.076336 
0.015267 0.145038 0.022901 
0.083969 0.053435 -0.045802 
0.152672 0.083969 -0.152672 
-0.091603 0.206107 0.061069 
0.106870 0.152672 0.068702 
-0.083969 0.175573 0.145038 
0.038168 0.099237 -0.061069 
-0.045802 0.145038 0.106870 
-0.053435 0.091603 -0.152672 
0.038168 -0.061069 -0.106870 
0.038168 -0.114504 0.129771 
-0.137405 -0.221374 0.083969 
0.030534 -0.099237 -0.076336 
-0.145038 0.160305 0.022901 
-0.053435 0.068702 0.167939 
-0.007634 -0.396947 0.053435 
-0.030534 -0.335878 0.038168 
0.053435 0.076336 0.053435 
-0.015267 -0.106870 0.343511 
0.007634 -0.007634 0.045802 
0.022901 0.145038 0.160305 
-0.213740 0.160305 0.045802 
-0.114504 -0.068702 -0.122137 
-0.206107 0.000000 0.030534 
0.129771 -0.076336 0.091603 
0.122137 -0.206107 -0.091603 
-0.137405 -0.259542 0.114504 
0.099237 -0.091603 0.076336 
0.160305 0.221374 0.129771 
0.030534 -0.083969 0.061069 
0.152672 -0.137405 -0.114504 
-0.045802 0.091603 -0.045802 
-0.068702 0.106870 -0.076336 
0.022901 -0.007634 -0.007634 
0.206107 0.099237 0.038168 
-0.068702 -0.007634 -0.007634 
0.091603 -0.083969 0.099237 
-0.129771 0.129771 0.045802 
-0.038168 0.183206 0.076336 
0.038168 0.030534 -0.038168 
-0.053435 0.129771 -0.152672 
0.000000 0.106870 -0.099237 
0.000000 0.137405 0.007634 
-0.114504 -0.015267 0.198473 
0.251908 0.061069 -0.099237 
0.129771 -0.068702 0.099237 
0.000000 0.038168 0.045802 
-0.091603 -0.007634 -0.061069 
-0.053435 -0.099237 -0.015267 
-0.007634 -0.259542 -0.167939 
0.122137 -0.145038 -0.129771 
-0.198473 0.007634 -0.175573 
-0.122137 -0.030534 -0.053435 
0.007634 0.167939 0.015267 
0.099237 -0.229008 0.183206 
-0.015267 -0.221374 0.198473 
-0.114504 0.000000 0.244275 
0.030534 -0.038168 0.000000 
0.152672 -0.175573 -0.061069 
-0.015267 0.000000 0.190840 
0.007634 0.083969 -0.038168 
0.015267 -0.183206 -0.083969 
-0.022901 -0.083969 -0.145038 
-0.114504 0.190840 0.053435 
0.068702 -0.251908 0.061069 
0.022901 0.091603 -0.053435 
0.007634 0.167939 -0.022901 
-0.022901 0.137405 -0.129771 
-0.076336 -0.145038 -0.007634 
0.167939 0.106870 0.099237 
-0.007634 0.030534 -0.061069 
0.068702 0.137405 -0.175573 
0.038168 -0.015267 -0.022901 
-0.061069 0.167939 -0.053435 
0.076336 0.068702 0.175573 
0.091603 0.267176 -0.007634 
0.152672 -0.030534 -0.083969 
0.007634 0.106870 -0.045802 
-0.061069 0.061069 0.106870 
0.190840 -0.022901 -0.183206 
-0.061069 -0.045802 0.381679 
0.312977 -0.129771 0.160305 
0.022901 -0.091603 -0.045802 
-0.007634 -0.213740 0.015267 
0.137405 0.030534 0.076336 
-0.160305 -0.045802 0.122137 
-0.091603 0.137405 0.045802 
-0.076336 -0.015267 0.045802 
-0.068702 0.160305 0.053435 
-0.137405 -0.160305 0.198473 
-0.129771 0.083969 0.213740 
-0.122137 -0.030534 -0.045802 
0.152672 -0.244275 -0.099237 
-0.038168 0.045802 0.068702 
-0.076336 0.114504 0.038168 
0.160305 -0.068702 0.068702 
0.106870 0.022901 -0.061069 
-0.137405 -0.221374 0.114504 
-0.160305 0.167939 0.038168 
0.030534 0.053435 -0.068702 
-0.114504 0.083969 0.061069 
0.091603 0.000000 -0.061069 
0.045802 -0.137405 0.114504 
-0.007634 0.145038 0.045802 
-0.099237 -0.129771 0.038168 
0.137405 0.061069 -0.038168 
-0.061069 0.000000 -0.244275 
-0.129771 -0.244275 0.229008 
-0.167939 0.206107 -0.099237 
-0.038168 -0.053435 0.061069 
0.007634 -0.083969 0.076336 
-0.198473 -0.213740 -0.045802 
0.000000 0.007634 0.099237 
-0.022901 -0.015267 0.022901 
0.114504 -0.259542 0.114504 
0.160305 -0.229008 0.106870 
0.045802 0.137405 0.083969 
-0.167939 0.106870 -0.129771 
0.076336 -0.190840 -0.068702 
-0.076336 -0.022901 0.061069 
-0.061069 0.007634 0.114504 
-0.061069 -0.229008 0.152672 
0.061069 0.190840 -0.160305 
-0.137405 -0.137405 0.083969 
-0.061069 -0.175573 -0.068702 
-0.022901 0.213740 0.122137 
0.000000 -0.297710 0.038168 
-0.045802 0.000000 -0.068702 
0.076336 0.061069 -0.045802 
-0.030534 0.114504 -0.045802 
0.099237 -0.015267 -0.129771 
-0.038168 0.145038 0.000000 
-0.106870 0.030534 0.083969 
-0.038168 -0.145038 -0.137405 
0.083969 0.145038 0.145038 
0.061069 -0.068702 0.038168 
-0.053435 0.083969 -0.160305 
-0.030534 -0.083969 -0.068702 
0.068702 -0.152672 -0.007634 
0.007634 -0.106870 -0.083969 
0.076336 0.030534 -0.022901 
0.068702 0.022901 -0.305344 
-0.137405 -0.030534 0.038168 
-0.061069 0.061069 -0.061069 
0.198473 -0.022901 0.000000 
0.038168 -0.259542 -0.068702 
0.007634 0.083969 -0.145038 
-0.068702 0.091603 -0.114504 
