gyro_lulz = [-0.160305 -0.137405 -0.007634 
-0.083969 -0.099237 -0.076336 
-0.152672 -0.053435 0.183206 
-0.099237 -0.167939 0.145038 
-0.030534 0.396947 0.038168 
0.038168 -0.106870 -0.068702 
0.091603 0.038168 -0.106870 
0.068702 -0.251908 0.015267 
0.045802 -0.083969 -0.175573 
0.076336 0.045802 0.000000 
-0.076336 -0.320611 -0.038168 
0.083969 0.236641 -0.068702 
0.030534 0.038168 -0.251908 
-0.099237 0.099237 -0.045802 
-0.061069 -0.229008 0.083969 
-0.198473 -0.068702 -0.022901 
-0.106870 0.083969 0.099237 
-0.061069 0.259542 0.015267 
-0.007634 -0.145038 0.045802 
0.045802 0.015267 0.129771 
0.022901 0.007634 0.000000 
0.022901 -0.122137 -0.190840 
-0.137405 -0.160305 0.267176 
-0.015267 -0.038168 -0.038168 
-0.183206 -0.091603 -0.038168 
0.091603 0.015267 -0.137405 
-0.038168 0.015267 -0.015267 
-0.106870 -0.167939 0.137405 
-0.137405 -0.366412 -0.007634 
-0.122137 0.114504 0.152672 
-0.213740 0.000000 0.045802 
0.083969 0.198473 -0.114504 
0.045802 -0.061069 -0.076336 
-0.198473 -0.099237 0.053435 
-0.053435 -0.076336 -0.190840 
-0.007634 -0.068702 -0.083969 
-0.053435 -0.091603 -0.297710 
-0.229008 0.160305 0.099237 
0.068702 -0.137405 0.175573 
0.007634 0.045802 0.152672 
-0.038168 -0.267176 -0.068702 
-0.038168 -0.320611 0.076336 
0.038168 -0.297710 0.053435 
-0.229008 -0.091603 0.007634 
-0.083969 -0.007634 -0.106870 
0.038168 -0.083969 0.190840 
-0.099237 -0.137405 0.106870 
0.015267 -0.175573 0.290076 
-0.083969 -0.167939 0.114504 
-0.061069 -0.175573 0.007634 
-0.007634 0.114504 0.106870 
-0.152672 -0.190840 0.083969 
-0.099237 0.022901 -0.068702 
-0.152672 0.129771 0.007634 
0.083969 0.015267 -0.099237 
-0.099237 -0.198473 -0.038168 
-0.175573 -0.030534 -0.167939 
-0.015267 -0.244275 -0.106870 
-0.106870 0.305344 0.114504 
-0.145038 0.015267 -0.007634 
0.015267 0.114504 -0.160305 
0.129771 -0.152672 -0.015267 
-0.068702 -0.068702 -0.076336 
-0.106870 0.007634 -0.129771 
-0.236641 -0.030534 0.137405 
-0.091603 0.015267 0.045802 
-0.106870 0.122137 0.099237 
-0.053435 -0.221374 0.183206 
-0.206107 0.045802 0.007634 
-0.145038 -0.007634 -0.038168 
0.045802 -0.206107 0.030534 
-0.076336 0.053435 0.076336 
-0.145038 -0.053435 0.022901 
0.000000 0.106870 -0.007634 
-0.160305 -0.259542 0.190840 
-0.198473 0.167939 0.083969 
-0.091603 -0.122137 -0.038168 
-0.022901 -0.099237 0.007634 
0.053435 -0.007634 0.045802 
-0.053435 0.038168 -0.106870 
-0.122137 -0.206107 -0.114504 
0.083969 0.038168 0.068702 
-0.030534 -0.045802 -0.137405 
-0.320611 -0.030534 -0.045802 
0.068702 -0.137405 0.083969 
-0.030534 -0.221374 0.160305 
-0.091603 0.091603 -0.229008 
-0.183206 0.030534 -0.022901 
0.015267 -0.015267 0.061069 
-0.114504 -0.106870 0.015267 
0.076336 0.106870 -0.061069 
-0.374046 0.129771 -0.068702 
-0.099237 -0.137405 -0.183206 
0.007634 0.213740 0.114504 
-0.129771 -0.396947 0.068702 
-0.259542 0.152672 0.099237 
0.030534 -0.175573 0.152672 
-0.160305 0.114504 0.030534 
0.038168 -0.022901 0.160305 
-0.007634 -0.007634 -0.091603 
-0.022901 -0.030534 -0.045802 
-0.045802 0.007634 -0.122137 
-0.091603 -0.320611 -0.145038 
-0.053435 -0.236641 -0.061069 
-0.091603 0.106870 -0.106870 
-0.114504 -0.099237 -0.290076 
0.000000 -0.030534 -0.099237 
-0.030534 -0.213740 -0.061069 
-0.106870 -0.175573 0.007634 
0.022901 -0.015267 -0.206107 
-0.114504 -0.190840 0.099237 
-0.167939 0.007634 0.015267 
-0.038168 0.198473 -0.221374 
0.030534 -0.183206 -0.007634 
0.030534 -0.129771 -0.045802 
-0.061069 -0.129771 -0.061069 
0.038168 -0.335878 -0.007634 
0.000000 -0.175573 0.167939 
-0.099237 -0.236641 0.091603 
-0.030534 -0.335878 0.061069 
0.038168 -0.213740 0.083969 
0.053435 0.053435 -0.045802 
-0.091603 -0.007634 0.129771 
0.045802 0.053435 -0.183206 
-0.183206 0.221374 0.076336 
-0.106870 0.030534 -0.007634 
0.022901 -0.091603 0.083969 
-0.007634 0.198473 -0.045802 
0.068702 -0.068702 0.114504 
-0.152672 0.206107 -0.007634 
-0.053435 -0.022901 0.122137 
-0.251908 0.022901 0.198473 
-0.160305 0.114504 0.015267 
-0.251908 -0.076336 0.083969 
0.022901 -0.091603 0.091603 
-0.030534 -0.114504 0.053435 
0.053435 -0.145038 0.022901 
-0.068702 0.030534 -0.114504 
-0.038168 0.160305 0.152672 
0.175573 -0.022901 -0.206107 
0.091603 -0.267176 -0.015267 
0.083969 0.160305 -0.129771 
-0.099237 0.030534 0.061069 
0.068702 0.015267 0.022901 
-0.114504 -0.083969 0.083969 
-0.099237 0.183206 -0.015267 
0.099237 -0.167939 -0.190840 
-0.145038 -0.297710 -0.145038 
-0.022901 0.030534 0.045802 
-0.160305 0.045802 -0.022901 
-0.076336 -0.022901 -0.091603 
0.114504 -0.068702 -0.015267 
0.152672 -0.221374 -0.114504 
0.076336 -0.328244 0.007634 
0.015267 0.007634 -0.053435 
-0.061069 -0.274809 0.045802 
0.061069 0.122137 -0.122137 
-0.022901 0.328244 -0.007634 
-0.122137 -0.045802 -0.083969 
-0.076336 -0.175573 -0.175573 
-0.129771 0.206107 0.000000 
-0.145038 -0.045802 0.137405 
0.038168 0.312977 -0.099237 
-0.145038 -0.045802 -0.175573 
-0.267176 0.122137 0.030534 
-0.106870 -0.091603 -0.083969 
0.083969 0.114504 -0.198473 
0.053435 -0.213740 -0.129771 
0.091603 -0.114504 0.167939 
-0.244275 -0.167939 0.106870 
-0.061069 -0.091603 0.129771 
-0.045802 -0.038168 -0.030534 
-0.099237 -0.145038 0.198473 
0.053435 0.007634 0.045802 
-0.091603 -0.137405 0.022901 
-0.129771 -0.030534 -0.114504 
-0.053435 0.183206 0.000000 
-0.160305 -0.022901 -0.099237 
-0.175573 -0.106870 -0.152672 
-0.061069 -0.007634 -0.160305 
0.022901 0.000000 0.015267 
-0.183206 -0.061069 0.091603 
-0.190840 0.007634 0.053435 
0.022901 0.229008 -0.015267 
0.137405 -0.305344 0.053435 
0.022901 -0.122137 -0.083969 
-0.145038 0.274809 -0.236641 
0.099237 -0.068702 0.114504 
-0.145038 0.000000 0.099237 
0.007634 -0.236641 -0.106870 
0.091603 -0.167939 0.007634 
-0.137405 0.061069 -0.099237 
-0.022901 0.061069 -0.015267 
-0.244275 -0.045802 0.007634 
-0.221374 0.022901 -0.053435 
-0.007634 -0.160305 0.061069 
-0.152672 0.061069 -0.007634 
-0.045802 0.114504 0.076336 
0.152672 -0.007634 -0.015267 
0.068702 -0.106870 -0.244275 
-0.206107 0.000000 0.083969 
-0.137405 -0.221374 0.175573 
-0.091603 -0.152672 -0.068702 
-0.274809 -0.152672 0.068702 
-0.175573 -0.076336 0.267176 
0.099237 0.030534 0.083969 
0.007634 -0.259542 0.190840 
-0.007634 0.007634 -0.076336 
-0.068702 -0.251908 0.068702 
-0.053435 -0.114504 -0.183206 
-0.061069 0.129771 0.091603 
-0.152672 -0.061069 0.229008 
0.068702 -0.015267 -0.190840 
-0.183206 0.000000 0.160305 
-0.030534 -0.274809 -0.114504 
-0.282443 -0.015267 -0.053435 
-0.236641 0.053435 -0.099237 
-0.007634 0.091603 0.015267 
0.053435 -0.114504 -0.083969 
-0.236641 -0.061069 -0.091603 
-0.160305 -0.259542 0.038168 
0.045802 -0.038168 -0.061069 
-0.129771 -0.129771 -0.022901 
-0.068702 -0.076336 -0.099237 
-0.030534 -0.198473 0.114504 
-0.236641 0.038168 -0.160305 
-0.175573 -0.068702 -0.038168 
-0.099237 -0.114504 0.129771 
0.106870 -0.122137 -0.038168 
-0.045802 0.145038 0.366412 
-0.213740 0.083969 0.038168 
0.022901 0.045802 0.007634 
0.099237 -0.167939 -0.251908 
-0.083969 -0.015267 -0.122137 
0.007634 -0.007634 -0.068702 
-0.022901 0.015267 0.076336 
-0.160305 -0.129771 -0.045802 
-0.183206 -0.259542 -0.152672 
-0.091603 -0.007634 -0.022901 
0.114504 -0.083969 0.000000 
0.038168 0.053435 0.137405 
-0.022901 0.045802 -0.244275 
0.015267 0.129771 -0.083969 
-0.145038 -0.038168 -0.083969 
0.000000 -0.122137 0.038168 
0.053435 0.175573 -0.167939 
-0.083969 -0.129771 0.053435 
-0.114504 -0.251908 0.022901 
0.000000 0.122137 0.137405 
-0.083969 0.015267 0.175573 
-0.061069 0.000000 -0.076336 
-0.190840 0.190840 -0.091603 
-0.167939 0.198473 -0.061069 
-0.061069 0.274809 0.007634 
-0.129771 -0.022901 0.068702 
-0.152672 0.129771 -0.053435 
-0.122137 -0.030534 0.221374 
0.068702 -0.061069 0.007634 
-0.122137 0.038168 0.122137 
-0.137405 -0.030534 -0.076336 
-0.007634 -0.030534 0.091603 
-0.022901 0.099237 0.022901 
-0.053435 -0.206107 0.038168 
-0.114504 -0.122137 0.068702 
-0.122137 -0.053435 0.022901 
-0.099237 -0.053435 -0.038168 
-0.160305 -0.061069 -0.038168 
-0.015267 0.061069 -0.114504 
