gyro_xyz_bias_ten_raw =[-14.5921  -19.2907   11.8587]
gyro_xyz_bias_ten_deg =[-0.1114   -0.1473    0.0905]

Gyro_X_Bias = -14.592100000000000;
Gyro_Y_Bias = -19.290700000000000;
Gyro_Z_Bias = 11.858700000000000;
Gyro_X_Hour_Biased = gyro_xyz_hour(:,1) - Gyro_X_Bias;
Gyro_Y_Hour_Biased = gyro_xyz_hour(:,2) - Gyro_Y_Bias;
Gyro_Z_Hour_Biased = gyro_xyz_hour(:,3) - Gyro_Z_Bias;

gyro_xyz_ten = [0 -13 1 
0 -47 1 
-23 -47 1 
-13 3 -15 
-3 -16 -15 
-3 -1 28 
-23 -1 -17 
-6 -71 26 
-6 -29 26 
-39 -29 25 
-25 -39 2 
-17 -4 2 
-17 -4 14 
-16 -37 -12 
-38 5 -12 
-38 5 18 
-19 -10 12 
-32 -42 9 
-32 -16 9 
-17 -16 24 
-14 -20 -10 
-25 7 -10 
-25 -36 -3 
-25 -36 40 
12 -33 -8 
-13 26 -8 
-13 26 10 
-19 -38 16 
7 -20 16 
7 -20 -4 
-17 6 18 
-8 -6 -13 
-8 -42 -13 
-2 -42 -11 
-5 -13 21 
-5 -32 21 
-5 -32 23 
-14 -39 12 
-31 -12 24 
-31 -38 24 
-45 -38 10 
-7 2 32 
-36 -15 32 
-36 -15 23 
-19 -18 34 
10 -39 34 
10 -2 7 
-32 -2 38 
-18 8 12 
-18 -13 12 
-4 -13 0 
-6 -20 -3 
-2 -17 -3 
-2 -17 20 
-18 -18 3 
-7 -33 3 
-7 -3 14 
-24 -3 13 
14 -12 4 
14 -29 4 
-32 -29 12 
-13 19 -8 
-8 -35 -8 
-8 -35 34 
-6 -21 27 
6 -53 27 
6 -13 12 
-7 -13 -1 
-48 7 17 
-48 -19 17 
1 -19 30 
-38 -8 4 
7 -40 4 
7 -40 7 
-23 -36 -17 
-31 -24 -17 
-31 -14 4 
19 -14 14 
-37 -47 42 
-19 -50 42 
-19 -50 -13 
-24 13 3 
2 -53 3 
2 -50 40 
-4 -50 2 
-27 -46 15 
-27 2 15 
-9 2 6 
-23 -43 4 
-3 -4 4 
-3 -8 27 
-23 -8 9 
-20 -4 10 
-20 -34 10 
-18 -34 27 
-34 15 -11 
-37 -37 -11 
-37 -37 13 
-5 -21 27 
-16 -45 7 
-16 16 7 
2 16 -2 
-7 -27 -12 
-28 -15 -12 
-28 -15 26 
-36 1 -6 
-25 -8 -6 
-25 5 22 
1 5 6 
1 -13 17 
1 -1 17 
-4 -1 8 
-4 -19 -5 
-38 32 -5 
-38 32 3 
-30 -50 17 
-22 2 17 
-22 -13 34 
5 -13 -17 
-4 -24 2 
-21 -17 2 
-21 -17 18 
-32 -9 11 
-11 5 11 
-11 -46 7 
-14 -46 33 
2 -61 19 
2 -39 19 
-19 -39 34 
-17 -12 -2 
7 15 -2 
7 15 -27 
-8 -22 42 
-27 -1 42 
-27 -28 -2 
-24 -28 35 
-12 -18 -13 
-12 -54 -13 
-22 -54 -2 
-14 4 29 
-7 -11 29 
-7 -7 -18 
7 -7 -23 
-14 -17 -23 
-14 -20 0 
-22 -20 24 
-2 -62 19 
-21 -56 19 
-21 -56 31 
-14 -28 13 
28 -39 10 
28 -39 10 
-32 -39 39 
-19 -29 -16 
-19 -29 -16 
-19 -20 -3 
-14 -20 18 
-1 4 -1 
-1 -28 -1 
-36 -28 32 
-25 2 -1 
-15 -22 -1 
-15 -22 3 
-1 -15 -1 
-20 -16 -1 
-20 -39 14 
-3 -39 27 
-32 -48 58 
6 -27 58 
6 -27 -19 
-5 -28 14 
-25 -24 14 
-25 27 5 
22 27 -6 
-26 -51 32 
-15 -42 32 
-15 -42 32 
-23 -13 22 
-41 -36 22 
-41 -11 3 
-44 -11 7 
15 -36 28 
15 -71 28 
-24 -71 32 
-7 -10 30 
-13 -8 30 
-13 -8 -6 
5 -14 32 
-16 3 32 
-16 6 -4 
-15 6 13 
0 10 -26 
0 -37 -26 
-30 -37 43 
1 -36 11 
-12 -33 11 
-12 -33 3 
-24 7 18 
-19 -1 18 
-19 -1 -9 
-29 -11 19 
-20 -5 1 
-20 -32 1 
-26 -32 45 
-14 -35 -18 
-15 -42 -18 
-15 -42 37 
-17 -4 3 
-32 -46 27 
-32 -34 27 
4 -34 14 
-17 10 5 
-3 -26 5 
-3 -26 20 
7 7 1 
-30 22 -8 
-30 -18 -8 
-17 -18 10 
-7 -22 -18 
0 0 -18 
0 0 26 
5 17 4 
-26 -54 4 
-26 -54 25 
-19 -12 21 
-12 -26 21 
-12 -10 8 
-35 -10 19 
-5 -14 8 
-46 3 8 
-46 3 46 
-7 -45 10 
-19 9 10 
-19 16 9 
-9 16 5 
-40 -2 10 
-40 -66 10 
-5 -66 -4 
-30 -38 -20 
-10 -11 -20 
-10 -21 24 
-24 -21 34 
-14 -11 22 
-18 -45 22 
-18 -45 -20 
-14 -5 8 
-12 -8 8 
-12 -18 -14 
-22 -18 37 
-5 -36 13 
-13 0 13 
-13 0 8 
-16 6 9 
-22 -11 9 
-22 4 8 
-18 4 26 
-13 -48 26 
-13 7 24 
4 7 -11 
-4 -1 17 
-12 -46 17 
-12 0 -11 
-7 0 34 
-11 -73 16 
-11 -19 16 
-26 -19 4 
-13 -7 -10 
-28 -32 -10 
-28 -33 14 
-16 -33 21 
8 -24 6 
8 2 6 
-27 2 -14 
-7 -39 -6 
4 -43 -6 
4 -43 -12 
0 7 28 
-7 -25 28 
-7 8 37 
-13 8 24 
-39 -2 -7 
-39 -29 -7 
-29 -29 6 
-5 -22 36 
-5 4 36 
-17 4 -17 
-24 9 51 
-1 -37 51 
-1 -19 -14 
-15 -19 34 
-14 29 18 
-14 -25 18 
-22 -25 1 
-15 15 12 
11 14 12 
11 14 6 
-10 -19 0 
-6 -20 0 
-6 1 -21 
-44 1 14 
-9 -39 34 
-9 -41 34 
-30 -41 2 
-15 -12 11 
2 -34 11 
2 -34 7 
-36 -12 3 
-43 -7 3 
-43 7 -3 
-16 7 23 
-9 -42 39 
-9 -56 39 
-17 -56 5 
-1 2 17 
-22 -9 17 
-22 -9 -17 
-12 3 -24 
-3 -14 -24 
-3 17 21 
-15 17 6 
-39 -56 32 
-39 10 32 
8 10 6 
-11 -6 21 
-17 -22 21 
-17 -22 28 
14 -21 2 
-9 -23 2 
-9 -22 -15 
5 -22 25 
-31 -10 19 
-31 -41 19 
1 -41 22 
-14 -32 11 
-20 -23 11 
-20 -28 11 
4 -28 -5 
-21 -37 -9 
-21 12 -9 
-2 12 8 
5 -28 14 
5 17 14 
-28 17 30 
-3 -15 0 
-7 -58 0 
-7 -58 -4 
-17 -2 13 
-16 -3 23 
-16 -40 23 
-1 -40 7 
-23 -8 24 
-29 -55 24 
-29 -55 20 
-16 -13 12 
-4 -21 12 
-4 -41 4 
-14 -41 -10 
0 -9 22 
0 14 22 
-7 14 14 
20 -31 30 
-12 -23 30 
-12 -23 20 
-25 -28 15 
-7 -32 15 
-7 -3 33 
-14 -3 12 
-3 -31 -5 
-3 -37 -5 
-9 -37 -3 
-22 -7 11 
1 12 11 
1 12 13 
-17 -8 39 
-4 -27 39 
-4 -5 0 
-23 -5 -9 
-10 -19 31 
-10 -18 31 
-16 -18 26 
-3 -46 3 
-4 -65 3 
-4 -65 -12 
-28 10 5 
-12 -27 5 
-12 -14 31 
-21 -14 26 
-15 1 0 
-15 -1 0 
-8 -1 17 
-10 -46 25 
-14 -67 25 
-14 -67 17 
-36 -3 43 
13 -32 10 
13 -17 10 
-34 -17 14 
-26 6 26 
-26 -29 26 
1 -29 -15 
-2 -15 -11 
-18 -5 -11 
-18 -37 19 
-28 -37 18 
-30 -14 35 
-18 30 35 
-18 30 10 
-26 -17 -7 
-14 -49 -7 
-14 -10 25 
-10 -10 38 
-42 -16 17 
-42 -2 17 
4 -2 3 
4 -33 38 
-19 -33 38 
-19 -33 21 
-32 -15 13 
-31 -4 13 
-31 31 4 
-29 31 7 
-28 -42 7 
-28 -77 7 
3 -77 34 
-23 -39 3 
-20 -15 3 
-20 -15 35 
-18 -10 -11 
-23 7 -11 
-23 -25 19 
-32 -25 5 
4 -15 43 
4 -29 43 
-35 -29 12 
-10 -19 21 
-17 -39 21 
-17 -39 19 
-25 -40 -1 
-37 -12 -1 
-37 5 17 
-37 5 16 
-18 3 -2 
-18 -47 -2 
-20 -47 14 
-16 -4 16 
-11 -30 16 
-11 -30 9 
-24 4 -10 
-10 -37 -10 
-10 -46 23 
-10 -46 16 
5 -38 29 
5 -21 29 
1 -21 -19 
-30 -11 -23 
-11 -22 -23 
-11 -22 20 
-30 -8 19 
-28 22 -6 
-28 -14 -6 
-9 -14 -12 
-18 -61 25 
-7 -27 25 
-7 1 12 
4 1 6 
9 -12 13 
9 -3 13 
-9 -3 22 
-15 -42 -1 
0 -29 -1 
0 -29 14 
-46 -6 11 
-22 8 11 
-22 -16 -6 
2 -16 12 
-13 -1 15 
-13 -5 15 
-39 -5 18 
-19 -25 9 
0 -28 9 
0 -17 4 
-30 -17 1 
-11 -28 4 
-11 -13 4 
3 -13 4 
-27 -19 15 
-10 -57 15 
-10 -57 38 
-16 -46 5 
21 -3 5 
21 -9 13 
-25 -9 10 
-12 -17 16 
-12 -38 16 
-33 -38 15 
5 -13 0 
-15 -19 0 
-15 -19 21 
-10 -60 10 
-14 3 10 
-14 -31 24 
-31 -31 13 
-3 0 -13 
-3 2 -13 
-28 2 21 
-14 -1 14 
-14 -37 14 
-2 -37 28 
5 2 8 
-6 -15 8 
-6 -33 15 
-18 -33 24 
0 -16 16 
0 -29 16 
-13 -29 -16 
5 -24 14 
-17 -9 14 
-17 -9 1 
-5 -7 -8 
-17 -4 -8 
-17 9 11 
-34 9 1 
-8 -46 11 
-8 -4 11 
-38 -4 10 
-10 -31 20 
-25 -19 20 
-25 -19 2 
-29 -7 16 
-3 -26 16 
-3 -16 -22 
-18 -16 45 
-24 -30 3 
-19 8 3 
-19 8 5 
-7 -18 44 
6 33 44 
6 -18 -7 
18 -18 2 
-22 -24 27 
-22 -23 27 
-7 -23 26 
-12 -40 -4 
-12 10 -4 
-12 10 -3 
-7 -10 14 
4 -36 20 
4 -16 20 
1 -16 -22 
-37 -28 35 
7 0 35 
7 0 16 
-31 -11 55 
16 -16 55 
16 -30 28 
5 -30 12 
-27 -15 -7 
-27 6 -7 
-23 6 18 
-38 -15 13 
-2 19 13 
-2 19 29 
-7 -24 5 
-14 -3 5 
-14 2 -11 
-6 2 4 
-17 -23 13 
-17 -25 13 
-17 -25 4 
-35 -18 -12 
-31 -29 -12 
-31 -29 70 
-41 -33 7 
8 -21 12 
8 -36 12 
-45 -36 10 
0 -9 -3 
-3 -24 -3 
-3 -24 20 
-17 14 42 
-25 -16 42 
-25 12 -9 
-22 12 16 
-32 -25 40 
1 6 40 
1 6 19 
-10 -38 -28 
-8 -24 -28 
-8 -14 12 
-17 -14 17 
-20 0 20 
-2 -32 20 
-2 -32 20 
-36 21 -8 
-23 -18 -8 
-23 8 5 
-2 8 6 
-36 -17 6 
-36 -10 24 
-10 -10 1 
-12 -8 2 
-1 -34 2 
-1 -34 21 
-26 -29 20 
-39 -6 20 
-39 -33 6 
-25 -33 13 
0 -17 1 
0 -77 1 
6 -77 14 
-23 -75 10 
-5 -35 10 
-5 -35 51 
-24 -35 13 
-12 -20 14 
-12 -43 14 
-17 -43 25 
-1 -38 27 
-18 -33 27 
-18 -33 2 
-23 -19 10 
-18 13 10 
-18 -24 -19 
-19 -24 32 
-18 -45 41 
-18 -35 41 
-27 -35 -3 
-16 -11 10 
-5 -28 10 
-5 -8 23 
-40 -8 5 
-2 -17 -2 
-2 9 -2 
-17 9 14 
-17 -21 -33 
-9 -3 -33 
-9 -3 6 
-15 -38 15 
-29 -19 15 
-29 -35 11 
-14 -35 30 
0 -14 22 
-15 -2 22 
-15 -2 2 
-10 16 18 
-23 17 18 
-23 -44 27 
16 -44 -7 
-22 -22 41 
-22 -18 41 
-2 -18 -11 
-9 -43 38 
-9 -3 38 
-9 -3 7 
0 -41 40 
1 -50 40 
1 17 20 
-18 17 21 
-30 -37 8 
-30 -20 8 
-17 -20 35 
6 -27 -9 
-29 3 -9 
-29 3 16 
12 -57 18 
-29 -12 18 
-29 -12 11 
-2 -12 47 
-11 -15 4 
-11 12 4 
-16 12 -11 
-27 -29 19 
-4 -20 19 
-4 -20 11 
-21 -30 1 
-13 -29 1 
-13 -31 20 
-9 -31 12 
-29 -44 -2 
6 6 -2 
6 6 4 
-6 -83 37 
-26 -19 37 
-26 -20 21 
-6 -20 5 
-29 2 12 
-1 -27 12 
-1 -27 0 
-15 9 -7 
-44 -35 -7 
-44 -29 23 
7 -29 5 
-15 0 27 
-15 -16 27 
-26 -16 9 
-9 7 41 
