gyro_badness = [0.122137 -0.068702 0.076336 
0.000000 -0.198473 -0.061069 
-0.167939 0.000000 0.229008 
-0.022901 -0.022901 -0.122137 
0.106870 -0.091603 -0.068702 
0.091603 -0.083969 0.122137 
-0.152672 0.068702 -0.068702 
-0.076336 -0.022901 0.137405 
0.068702 0.068702 0.114504 
0.022901 0.038168 -0.099237 
-0.045802 0.312977 -0.137405 
0.015267 0.145038 0.106870 
0.129771 0.030534 -0.007634 
0.007634 0.114504 -0.030534 
0.099237 0.000000 -0.221374 
0.145038 -0.106870 0.106870 
-0.106870 -0.221374 -0.015267 
-0.152672 0.007634 0.076336 
-0.099237 0.007634 0.114504 
-0.053435 0.167939 0.122137 
0.091603 -0.022901 0.007634 
0.015267 -0.122137 -0.145038 
0.137405 -0.251908 0.045802 
-0.022901 -0.068702 0.091603 
0.061069 0.229008 -0.152672 
-0.183206 0.167939 -0.030534 
-0.038168 0.114504 -0.061069 
0.259542 0.160305 -0.091603 
-0.206107 -0.038168 0.167939 
-0.213740 0.038168 0.053435 
-0.022901 -0.198473 0.061069 
-0.030534 0.435115 0.022901 
0.000000 0.053435 0.038168 
0.045802 0.099237 0.000000 
0.083969 0.190840 -0.091603 
-0.038168 0.022901 0.091603 
-0.053435 -0.068702 0.183206 
-0.061069 0.045802 0.015267 
0.000000 0.045802 0.152672 
0.160305 0.167939 -0.122137 
-0.053435 -0.030534 0.030534 
-0.274809 -0.435115 -0.122137 
0.068702 0.068702 0.030534 
-0.106870 0.053435 0.068702 
0.076336 0.190840 -0.076336 
-0.152672 0.167939 0.152672 
-0.038168 -0.038168 0.076336 
-0.076336 -0.106870 0.221374 
0.083969 -0.007634 -0.190840 
-0.068702 0.114504 -0.083969 
0.061069 0.038168 0.007634 
0.114504 0.160305 -0.068702 
-0.045802 -0.038168 -0.114504 
-0.045802 -0.022901 -0.129771 
0.022901 0.038168 -0.106870 
-0.175573 0.038168 0.129771 
-0.137405 0.175573 -0.038168 
-0.045802 -0.213740 0.022901 
-0.221374 -0.061069 0.015267 
-0.175573 -0.045802 0.007634 
-0.022901 -0.305344 0.015267 
0.038168 -0.488550 0.015267 
0.129771 0.320611 0.053435 
0.038168 -0.183206 -0.022901 
-0.114504 0.030534 0.183206 
0.160305 0.236641 0.015267 
-0.053435 -0.022901 -0.022901 
-0.122137 0.007634 -0.022901 
0.099237 -0.122137 -0.061069 
0.030534 -0.122137 0.076336 
-0.129771 0.137405 -0.030534 
0.076336 -0.007634 0.206107 
-0.030534 -0.236641 -0.061069 
-0.061069 -0.297710 -0.053435 
-0.152672 -0.068702 0.091603 
-0.061069 0.000000 0.045802 
-0.076336 0.183206 0.099237 
-0.106870 -0.083969 -0.038168 
0.564885 0.122137 -0.015267 
0.320611 -0.061069 -0.038168 
-0.076336 -0.610687 0.145038 
-0.145038 0.343511 -0.122137 
-0.030534 -0.106870 -0.022901 
0.290076 0.374046 0.106870 
0.167939 0.297710 -0.274809 
-0.099237 0.206107 0.099237 
-0.099237 0.045802 0.091603 
-0.236641 -0.412214 -0.122137 
0.167939 -0.015267 -0.106870 
0.045802 0.274809 0.167939 
0.160305 -0.236641 0.083969 
0.038168 0.290076 -0.129771 
0.145038 -0.473282 0.053435 
0.274809 -0.381679 0.068702 
0.030534 -0.068702 -0.106870 
0.068702 -0.229008 -0.007634 
-0.053435 0.442748 -0.030534 
0.053435 0.114504 -0.068702 
-0.190840 0.015267 -0.007634 
0.053435 -0.236641 0.083969 
0.129771 -0.374046 0.106870 
-0.068702 -0.030534 0.267176 
-0.061069 0.175573 -0.190840 
-0.045802 0.206107 0.167939 
0.007634 0.389313 0.206107 
-0.229008 -0.053435 -0.015267 
0.167939 0.198473 0.229008 
-0.106870 -0.152672 0.282443 
-0.099237 -0.290076 0.114504 
-0.045802 0.496183 -0.076336 
-0.091603 0.206107 -0.007634 
-0.022901 -0.061069 0.038168 
-0.061069 0.045802 0.267176 
0.045802 -0.251908 0.022901 
0.007634 -0.122137 0.061069 
0.099237 0.038168 -0.160305 
-0.030534 -0.083969 0.053435 
0.053435 0.259542 0.114504 
0.099237 -0.106870 0.061069 
0.167939 -0.152672 0.129771 
-0.145038 -0.290076 -0.015267 
0.152672 0.000000 -0.160305 
0.167939 0.183206 0.030534 
0.114504 0.099237 -0.099237 
0.091603 -0.045802 -0.091603 
0.282443 -0.183206 -0.068702 
0.007634 -0.251908 -0.053435 
0.068702 0.083969 0.038168 
-0.091603 0.152672 -0.244275 
-0.038168 -0.030534 -0.106870 
0.007634 0.320611 -0.015267 
0.061069 -0.015267 -0.129771 
0.000000 -0.282443 0.152672 
0.053435 -0.038168 -0.068702 
0.015267 -0.167939 0.137405 
0.022901 0.251908 0.000000 
-0.083969 0.160305 -0.083969 
-0.122137 0.236641 -0.061069 
-0.076336 -0.038168 0.083969 
-0.137405 -0.114504 -0.099237 
0.198473 -0.221374 -0.259542 
0.068702 -0.167939 -0.076336 
-0.198473 0.068702 0.007634 
-0.083969 0.435115 -0.160305 
-0.122137 0.114504 -0.015267 
-0.045802 -0.053435 0.099237 
0.061069 -0.122137 -0.015267 
-0.007634 0.091603 0.015267 
0.091603 0.038168 -0.022901 
0.015267 0.045802 -0.022901 
0.167939 0.137405 -0.053435 
-0.007634 -0.022901 0.251908 
-0.053435 -0.259542 -0.083969 
0.061069 0.091603 -0.068702 
0.000000 -0.099237 0.083969 
0.206107 0.007634 -0.022901 
0.022901 0.229008 0.022901 
0.030534 0.022901 0.000000 
0.000000 -0.145038 0.152672 
0.045802 -0.137405 0.038168 
0.099237 -0.152672 -0.152672 
-0.076336 0.160305 -0.137405 
-0.076336 -0.175573 0.175573 
-0.213740 0.122137 -0.045802 
-0.030534 -0.114504 -0.076336 
-0.061069 0.007634 0.022901 
-0.091603 -0.083969 -0.061069 
0.114504 0.038168 -0.030534 
0.000000 -0.190840 0.000000 
0.007634 0.351145 0.083969 
-0.022901 0.175573 -0.106870 
0.076336 -0.099237 -0.030534 
0.167939 -0.343511 -0.007634 
0.053435 -0.030534 0.167939 
-0.015267 0.129771 -0.083969 
-0.137405 -0.015267 0.000000 
0.206107 0.251908 0.137405 
-0.137405 0.183206 -0.091603 
0.053435 -0.030534 -0.015267 
-0.045802 -0.167939 -0.213740 
0.053435 -0.145038 -0.030534 
-0.068702 0.000000 -0.022901 
0.053435 -0.045802 0.022901 
-0.022901 0.267176 -0.152672 
0.083969 -0.183206 0.099237 
0.129771 0.000000 -0.099237 
-0.030534 -0.068702 0.167939 
-0.076336 0.091603 0.160305 
0.045802 -0.015267 0.076336 
-0.076336 0.190840 -0.251908 
0.000000 -0.099237 -0.038168 
-0.053435 -0.114504 -0.167939 
-0.022901 0.083969 0.160305 
-0.068702 -0.137405 0.068702 
-0.045802 0.129771 -0.122137 
0.106870 -0.053435 0.129771 
-0.076336 0.312977 -0.015267 
-0.045802 0.045802 0.083969 
0.114504 0.007634 0.045802 
-0.053435 -0.129771 -0.198473 
0.045802 0.183206 -0.061069 
0.015267 0.061069 -0.053435 
-0.053435 0.251908 -0.053435 
0.091603 -0.091603 -0.022901 
0.022901 -0.083969 -0.030534 
0.000000 -0.190840 0.091603 
0.000000 -0.236641 0.206107 
-0.106870 0.137405 0.007634 
-0.022901 -0.137405 0.091603 
0.076336 -0.030534 -0.007634 
0.022901 -0.061069 -0.045802 
-0.114504 0.229008 -0.099237 
0.030534 -0.022901 0.129771 
0.091603 0.000000 -0.114504 
0.015267 0.145038 0.061069 
-0.015267 0.190840 -0.122137 
0.122137 0.045802 0.145038 
0.015267 -0.396947 0.091603 
0.045802 0.099237 -0.007634 
-0.015267 0.022901 -0.007634 
-0.038168 -0.015267 -0.007634 
0.045802 0.038168 0.045802 
-0.015267 0.129771 -0.022901 
0.038168 0.030534 0.076336 
-0.076336 -0.145038 -0.007634 
-0.152672 -0.236641 0.000000 
-0.122137 -0.145038 0.022901 
-0.007634 0.083969 0.122137 
0.022901 -0.061069 0.206107 
-0.068702 -0.160305 0.022901 
0.038168 -0.145038 0.236641 
0.114504 0.091603 -0.038168 
0.000000 -0.244275 0.053435 
-0.152672 -0.206107 0.061069 
0.000000 0.053435 -0.152672 
-0.007634 0.137405 0.015267 
0.022901 0.038168 -0.038168 
0.038168 -0.015267 0.213740 
-0.076336 -0.061069 -0.251908 
-0.106870 0.229008 -0.091603 
0.061069 -0.122137 -0.007634 
0.114504 -0.038168 0.068702 
0.007634 0.175573 0.358779 
0.053435 0.045802 0.076336 
-0.114504 0.114504 0.068702 
0.229008 0.106870 0.122137 
0.213740 -0.160305 0.045802 
0.038168 0.274809 -0.183206 
-0.022901 -0.091603 0.106870 
-0.083969 -0.122137 -0.022901 
-0.030534 -0.122137 -0.290076 
0.000000 0.175573 -0.106870 
0.061069 -0.213740 0.122137 
-0.007634 0.022901 -0.137405 
0.007634 0.374046 -0.167939 
-0.106870 -0.053435 -0.076336 
-0.038168 0.221374 0.015267 
-0.175573 0.015267 -0.229008 
-0.152672 -0.076336 0.076336 
0.045802 -0.068702 0.068702 
0.030534 -0.106870 -0.061069 
0.213740 -0.106870 0.129771 
-0.106870 0.007634 0.106870 
-0.091603 0.274809 -0.053435 
0.091603 -0.076336 -0.083969 
-0.145038 0.061069 0.152672 
-0.152672 -0.160305 -0.381679 
-0.022901 0.000000 0.106870 
-0.015267 -0.030534 -0.030534 
0.213740 -0.122137 0.030534 
