mag_tumble_live = [622 23 -140 
622 23 -140 
633 11 -134 
633 11 -134 
633 11 -134 
633 11 -134 
633 11 -134 
645 -6 -147 
645 -6 -147 
645 -6 -147 
645 -6 -147 
645 -6 -147 
616 11 -127 
616 11 -127 
616 11 -127 
616 11 -127 
616 11 -127 
622 5 -140 
622 5 -140 
622 5 -140 
622 5 -140 
622 5 -140 
633 -12 -134 
633 -12 -134 
633 -12 -134 
633 -12 -134 
633 -12 -134 
651 5 -147 
651 5 -147 
651 5 -147 
651 5 -147 
651 5 -147 
633 0 -140 
633 0 -140 
633 0 -140 
633 0 -140 
633 0 -140 
645 11 -147 
645 11 -147 
645 11 -147 
645 11 -147 
645 11 -147 
627 0 -147 
627 0 -147 
627 0 -147 
627 0 -147 
627 0 -147 
622 11 -140 
622 11 -140 
622 11 -140 
622 11 -140 
622 11 -140 
622 5 -147 
622 5 -147 
622 5 -147 
622 5 -147 
622 5 -147 
627 29 -140 
627 29 -140 
627 29 -140 
627 29 -140 
627 29 -140 
639 5 -134 
639 5 -134 
639 5 -134 
639 5 -134 
639 5 -134 
627 -6 -115 
627 -6 -115 
627 -6 -115 
627 -6 -115 
627 -6 -115 
627 -70 -64 
627 -70 -64 
627 -70 -64 
627 -70 -64 
627 -70 -64 
598 -146 0 
598 -146 0 
598 -146 0 
598 -146 0 
598 -146 0 
593 -198 115 
593 -198 115 
593 -198 115 
593 -198 115 
593 -198 115 
581 -209 198 
581 -209 198 
581 -209 198 
581 -209 198 
581 -209 198 
587 -198 300 
587 -198 300 
587 -198 300 
587 -198 300 
587 -198 300 
581 -186 364 
581 -186 364 
581 -186 364 
581 -186 364 
581 -186 364 
575 -163 416 
575 -163 416 
575 -163 416 
575 -163 416 
575 -163 416 
575 -111 499 
575 -111 499 
575 -111 499 
575 -111 499 
575 -111 499 
575 -64 543 
575 -64 543 
575 -64 543 
575 -64 543 
575 -64 543 
581 -41 582 
581 -41 582 
581 -41 582 
581 -41 582 
581 -41 582 
569 23 607 
569 23 607 
569 23 607 
569 23 607 
569 23 607 
587 232 633 
587 232 633 
587 232 633 
587 232 633 
587 232 633 
569 278 627 
569 278 627 
569 278 627 
569 278 627 
569 278 627 
593 307 633 
593 307 633 
593 307 633 
593 307 633 
593 307 633 
598 342 594 
598 342 594 
598 342 594 
598 342 594 
598 342 594 
581 394 595 
581 394 595 
581 394 595 
581 394 595 
581 394 595 
604 371 607 
604 371 607 
604 371 607 
604 371 607 
604 371 607 
622 249 627 
622 249 627 
622 249 627 
622 249 627 
622 249 627 
610 156 646 
610 156 646 
610 156 646 
610 156 646 
610 156 646 
610 81 614 
610 81 614 
610 81 614 
610 81 614 
610 81 614 
610 -6 582 
610 -6 582 
610 -6 582 
610 -6 582 
610 -6 582 
622 -105 486 
622 -105 486 
622 -105 486 
622 -105 486 
622 -105 486 
668 -169 390 
668 -169 390 
668 -169 390 
668 -169 390 
668 -169 390 
639 -209 288 
639 -209 288 
639 -209 288 
639 -209 288 
639 -209 288 
633 -204 198 
633 -204 198 
633 -204 198 
633 -204 198 
633 -204 198 
622 -209 89 
622 -209 89 
622 -209 89 
622 -209 89 
622 -209 89 
633 -163 44 
633 -163 44 
633 -163 44 
633 -163 44 
633 -163 44 
645 -128 -51 
645 -128 -51 
645 -128 -51 
645 -128 -51 
645 -128 -51 
656 -47 -83 
656 -47 -83 
656 -47 -83 
656 -47 -83 
656 -47 -83 
668 5 -121 
668 5 -121 
668 5 -121 
668 5 -121 
668 5 -121 
680 0 -127 
680 0 -127 
680 0 -127 
680 0 -127 
680 0 -127 
674 5 -96 
674 5 -96 
674 5 -96 
674 5 -96 
674 5 -96 
726 -24 -83 
726 -24 -83 
726 -24 -83 
726 -24 -83 
726 -24 -83 
819 -24 -51 
819 -24 -51 
819 -24 -51 
819 -24 -51 
819 -24 -51 
871 -6 -57 
871 -6 -57 
871 -6 -57 
871 -6 -57 
871 -6 -57 
912 -30 57 
912 -30 57 
912 -30 57 
912 -30 57 
912 -30 57 
976 -30 108 
976 -30 108 
976 -30 108 
976 -30 108 
976 -30 108 
976 -18 172 
1011 -18 172 
1011 -18 172 
1011 -18 172 
1011 -18 172 
1011 0 249 
1028 0 249 
1028 0 249 
1028 0 249 
1028 0 249 
1028 63 326 
1040 63 326 
1040 63 326 
1040 63 326 
1040 63 326 
1040 87 415 
1016 87 415 
1016 87 415 
1016 87 415 
1016 87 415 
1016 87 492 
947 52 492 
947 52 492 
947 52 492 
947 52 492 
947 52 531 
889 46 531 
889 46 531 
889 46 531 
889 46 531 
889 46 582 
802 11 582 
802 11 582 
802 11 582 
802 11 582 
802 11 608 
720 23 608 
720 23 608 
720 23 608 
720 23 608 
720 23 582 
656 0 582 
656 0 582 
656 0 582 
656 0 582 
656 0 582 
604 23 576 
604 23 576 
604 23 576 
604 23 576 
604 23 576 
552 17 595 
552 17 595 
552 17 595 
552 17 595 
552 17 595 
517 29 576 
517 29 576 
517 29 576 
517 29 576 
517 29 576 
476 40 563 
476 40 563 
476 40 563 
476 40 563 
476 40 563 
494 52 588 
494 52 588 
494 52 588 
494 52 588 
494 52 588 
593 34 614 
593 34 614 
593 34 614 
593 34 614 
593 34 614 
714 5 620 
714 5 620 
714 5 620 
714 5 620 
714 5 620 
790 34 563 
790 34 563 
790 34 563 
790 34 563 
790 34 563 
871 34 531 
871 34 531 
871 34 531 
871 34 531 
871 34 531 
929 11 499 
929 11 499 
929 11 499 
929 11 499 
929 11 499 
976 40 454 
976 40 454 
976 40 454 
976 40 454 
976 40 454 
1011 34 377 
1011 34 377 
1011 34 377 
1011 34 377 
1011 34 377 
1028 -6 300 
1028 -6 300 
1028 -6 300 
1028 -6 300 
1028 -6 300 
1028 11 249 
1028 11 249 
1028 11 249 
1028 11 249 
1028 11 249 
1005 0 160 
1005 0 160 
1005 0 160 
1005 0 160 
1005 0 160 
981 -6 64 
981 -6 64 
981 -6 64 
981 -6 64 
981 -6 64 
952 11 44 
952 11 44 
952 11 44 
952 11 44 
952 11 44 
900 40 -19 
900 40 -19 
900 40 -19 
900 40 -19 
900 40 -19 
842 81 -96 
842 81 -96 
842 81 -96 
842 81 -96 
842 81 -96 
778 52 -108 
778 52 -108 
778 52 -108 
778 52 -108 
778 52 -108 
744 17 -115 
744 17 -115 
744 17 -115 
744 17 -115 
744 17 -115 
703 98 -140 
703 98 -140 
703 98 -140 
703 98 -140 
703 98 -140 
685 185 -160 
685 185 -160 
685 185 -160 
685 185 -160 
685 185 -160 
726 307 -166 
726 307 -166 
726 307 -166 
726 307 -166 
726 307 -166 
726 359 -121 
726 359 -121 
726 359 -121 
726 359 -121 
726 359 -121 
709 499 -44 
709 499 -44 
709 499 -44 
709 499 -44 
709 499 -44 
738 603 153 
738 603 153 
738 603 153 
738 603 153 
738 603 153 
778 580 384 
778 580 384 
778 580 384 
778 580 384 
778 580 384 
767 505 525 
767 505 525 
767 505 525 
767 505 525 
767 505 525 
761 429 595 
761 429 595 
761 429 595 
761 429 595 
761 429 595 
802 301 620 
802 301 620 
802 301 620 
802 301 620 
802 301 620 
778 214 646 
778 214 646 
778 214 646 
778 214 646 
778 214 646 
784 121 646 
784 121 646 
784 121 646 
784 121 646 
784 121 646 
767 17 601 
767 17 601 
767 17 601 
767 17 601 
767 17 601 
749 -59 576 
749 -59 576 
749 -59 576 
749 -59 576 
749 -59 576 
732 -140 486 
732 -140 486 
732 -140 486 
732 -140 486 
732 -140 486 
738 -175 428 
738 -175 428 
738 -175 428 
738 -175 428 
738 -175 428 
738 -169 428 
738 -169 428 
738 -169 428 
738 -169 428 
738 -169 428 
749 -186 435 
749 -186 435 
749 -186 435 
749 -186 435 
749 -186 435 
703 -169 454 
703 -169 454 
703 -169 454 
703 -169 454 
703 -169 454 
697 -76 556 
697 -76 556 
697 -76 556 
697 -76 556 
697 -76 556 
697 110 640 
697 110 640 
697 110 640 
697 110 640 
697 110 640 
691 214 659 
691 214 659 
691 214 659 
691 214 659 
691 214 659 
784 464 499 
784 464 499 
784 464 499 
784 464 499 
784 464 499 
831 568 371 
831 568 371 
831 568 371 
831 568 371 
831 568 371 
813 592 262 
813 592 262 
813 592 262 
813 592 262 
813 592 262 
796 586 134 
796 586 134 
796 586 134 
796 586 134 
796 586 134 
784 539 51 
784 539 51 
784 539 51 
784 539 51 
784 539 51 
773 510 -44 
773 510 -44 
773 510 -44 
773 510 -44 
773 510 -44 
749 348 -140 
749 348 -140 
749 348 -140 
749 348 -140 
749 348 -140 
732 255 -153 
732 255 -153 
732 255 -153 
732 255 -153 
732 255 -153 
726 191 -153 
726 191 -153 
726 191 -153 
726 191 -153 
726 191 -153 
709 116 -153 
709 116 -153 
709 116 -153 
709 116 -153 
709 116 -153 
697 63 -147 
697 63 -147 
697 63 -147 
697 63 -147 
697 63 -147 
691 58 -172 
691 58 -172 
691 58 -172 
691 58 -172 
691 58 -172 
714 58 -147 
714 58 -147 
714 58 -147 
714 58 -147 
714 58 -147 
709 23 -121 
709 23 -121 
709 23 -121 
709 23 -121 
709 23 -121 
755 29 -140 
755 29 -140 
755 29 -140 
755 29 -140 
755 29 -140 
755 23 -121 
755 23 -121 
755 23 -121 
755 23 -121 
755 23 -121 
767 34 -121 
767 34 -121 
767 34 -121 
767 34 -121 
767 34 -121 
744 40 -108 
744 40 -108 
744 40 -108 
744 40 -108 
744 40 -108 
755 0 -108 
755 0 -108 
755 0 -108 
755 0 -108 
755 0 -108 
761 11 -121 
761 11 -121 
761 11 -121 
761 11 -121 
761 11 -121 
738 17 -121 
738 17 -121 
738 17 -121 
