gyro_bias_quicke = [0.045802 -0.221374 0.129771 
-0.206107 -0.328244 0.053435 
-0.244275 -0.213740 0.068702 
0.091603 -0.259542 0.267176 
-0.167939 -0.312977 0.022901 
-0.145038 -0.374046 0.190840 
0.007634 -0.015267 -0.053435 
-0.229008 -0.022901 0.190840 
-0.190840 -0.175573 0.030534 
-0.045802 -0.213740 0.076336 
-0.236641 -0.007634 0.229008 
0.038168 0.083969 -0.091603 
-0.427481 0.076336 0.229008 
-0.236641 -0.198473 0.328244 
-0.251908 -0.106870 -0.152672 
-0.221374 0.175573 0.290076 
0.106870 0.091603 -0.099237 
-0.244275 -0.145038 0.007634 
-0.297710 0.045802 0.053435 
-0.236641 -0.007634 0.221374 
-0.106870 -0.129771 0.045802 
-0.137405 -0.167939 -0.068702 
-0.122137 -0.076336 0.297710 
-0.045802 -0.221374 0.000000 
-0.083969 -0.343511 -0.045802 
-0.106870 -0.152672 0.267176 
0.030534 -0.534351 0.099237 
-0.244275 -0.343511 0.114504 
-0.045802 -0.015267 0.053435 
0.061069 -0.343511 0.106870 
-0.145038 -0.038168 0.190840 
-0.213740 -0.236641 0.198473 
-0.267176 -0.045802 0.099237 
-0.091603 -0.221374 0.183206 
-0.022901 -0.328244 0.145038 
-0.068702 0.022901 0.038168 
-0.229008 -0.038168 0.038168 
-0.061069 0.229008 0.160305 
-0.244275 0.091603 0.206107 
-0.343511 -0.106870 0.206107 
-0.061069 -0.175573 0.053435 
-0.198473 -0.251908 0.068702 
-0.175573 -0.206107 -0.061069 
-0.251908 -0.083969 0.160305 
0.007634 -0.259542 0.061069 
-0.175573 -0.053435 0.015267 
0.007634 -0.145038 0.038168 
-0.167939 -0.351145 0.190840 
-0.221374 -0.473282 -0.099237 
-0.129771 -0.213740 0.343511 
-0.091603 -0.152672 0.061069 
-0.099237 -0.427481 0.305344 
-0.152672 -0.305344 0.129771 
-0.099237 -0.091603 0.061069 
0.099237 -0.305344 -0.083969 
-0.251908 0.076336 -0.007634 
-0.061069 -0.129771 -0.061069 
-0.175573 -0.267176 0.137405 
-0.160305 -0.183206 -0.007634 
-0.122137 0.114504 -0.038168 
-0.190840 -0.076336 0.053435 
-0.129771 -0.122137 0.091603 
-0.045802 -0.389313 0.175573 
-0.221374 -0.160305 0.137405 
-0.167939 -0.114504 -0.145038 
-0.099237 -0.122137 0.160305 
-0.267176 -0.374046 0.038168 
-0.175573 0.160305 0.045802 
-0.030534 -0.419847 -0.061069 
-0.106870 0.076336 0.145038 
-0.083969 -0.198473 0.007634 
-0.221374 -0.007634 0.053435 
-0.160305 -0.229008 0.206107 
0.038168 -0.145038 -0.061069 
-0.175573 -0.129771 0.312977 
-0.137405 -0.022901 0.045802 
-0.297710 0.022901 0.076336 
-0.007634 -0.206107 0.167939 
-0.190840 -0.030534 0.076336 
-0.076336 -0.091603 0.183206 
-0.152672 -0.389313 -0.061069 
0.061069 -0.396947 0.175573 
-0.022901 -0.282443 0.122137 
-0.259542 -0.183206 -0.152672 
-0.328244 0.015267 0.198473 
-0.160305 -0.007634 0.190840 
-0.351145 -0.022901 -0.022901 
0.053435 -0.152672 0.114504 
-0.083969 -0.389313 0.259542 
-0.022901 -0.244275 -0.022901 
-0.175573 -0.068702 0.137405 
-0.267176 -0.320611 0.122137 
-0.038168 -0.175573 0.106870 
-0.244275 -0.137405 0.083969 
-0.190840 0.236641 0.114504 
-0.030534 -0.190840 0.099237 
-0.106870 -0.335878 0.022901 
-0.282443 -0.061069 0.022901 
-0.152672 -0.366412 0.099237 
-0.389313 0.091603 0.122137 
-0.213740 0.030534 0.000000 
-0.244275 -0.007634 -0.007634 
-0.045802 -0.351145 -0.137405 
-0.053435 -0.244275 0.251908 
-0.175573 -0.030534 0.099237 
-0.015267 -0.396947 0.076336 
-0.312977 -0.213740 0.198473 
-0.053435 -0.358779 0.274809 
-0.068702 -0.160305 0.114504 
-0.290076 -0.229008 0.007634 
-0.427481 0.167939 0.190840 
-0.091603 -0.343511 0.022901 
-0.068702 -0.267176 0.160305 
-0.137405 -0.290076 0.152672 
-0.213740 -0.282443 0.053435 
-0.099237 -0.190840 -0.015267 
-0.106870 0.015267 0.106870 
0.000000 -0.061069 0.129771 
-0.297710 -0.068702 -0.068702 
-0.152672 0.122137 0.244275 
-0.145038 -0.007634 -0.068702 
-0.030534 -0.030534 0.274809 
-0.167939 -0.053435 0.274809 
-0.297710 -0.236641 0.022901 
-0.274809 -0.152672 0.290076 
-0.114504 -0.022901 0.175573 
0.091603 -0.190840 -0.061069 
-0.083969 -0.099237 0.282443 
-0.106870 -0.251908 -0.045802 
-0.038168 -0.221374 -0.137405 
-0.175573 -0.106870 0.015267 
0.038168 -0.358779 0.229008 
-0.145038 -0.274809 -0.038168 
-0.152672 -0.274809 0.030534 
-0.351145 -0.198473 0.145038 
-0.190840 -0.160305 0.099237 
-0.007634 -0.312977 0.068702 
-0.206107 -0.083969 0.190840 
0.038168 -0.152672 -0.160305 
-0.122137 -0.419847 0.000000 
-0.068702 0.022901 0.282443 
-0.061069 -0.198473 0.106870 
0.091603 -0.015267 0.015267 
-0.167939 0.015267 0.290076 
-0.167939 -0.358779 -0.045802 
-0.106870 -0.267176 0.198473 
-0.267176 0.160305 0.045802 
-0.198473 -0.183206 0.259542 
-0.244275 0.145038 -0.221374 
-0.274809 0.106870 0.137405 
-0.229008 0.061069 0.068702 
-0.229008 -0.297710 0.007634 
-0.022901 -0.053435 0.038168 
-0.251908 -0.061069 -0.099237 
-0.221374 -0.022901 -0.099237 
-0.091603 -0.068702 -0.015267 
-0.030534 -0.045802 -0.053435 
-0.335878 -0.427481 0.251908 
-0.038168 -0.267176 -0.038168 
-0.099237 0.022901 0.145038 
-0.122137 -0.206107 -0.053435 
-0.053435 -0.450382 0.076336 
-0.198473 -0.305344 0.106870 
-0.129771 -0.206107 0.129771 
-0.267176 -0.053435 0.022901 
-0.045802 -0.290076 -0.007634 
-0.122137 0.091603 0.297710 
-0.267176 0.053435 0.076336 
-0.099237 -0.030534 0.061069 
-0.374046 0.083969 -0.045802 
-0.190840 -0.068702 0.206107 
-0.282443 -0.114504 0.343511 
-0.053435 -0.091603 0.160305 
-0.259542 -0.122137 0.145038 
-0.099237 -0.267176 0.045802 
-0.206107 0.007634 0.129771 
0.145038 -0.122137 -0.190840 
-0.030534 -0.045802 0.129771 
-0.175573 -0.091603 0.099237 
-0.152672 -0.229008 0.122137 
-0.167939 0.045802 0.190840 
-0.213740 -0.053435 0.114504 
-0.160305 -0.343511 0.145038 
-0.076336 -0.213740 -0.061069 
-0.259542 -0.282443 -0.061069 
-0.351145 -0.305344 0.244275 
-0.183206 -0.244275 -0.038168 
-0.038168 0.022901 0.068702 
0.000000 -0.305344 0.030534 
-0.091603 -0.145038 0.206107 
-0.229008 -0.145038 0.015267 
-0.167939 0.030534 0.244275 
-0.106870 -0.190840 -0.022901 
-0.244275 -0.167939 0.221374 
-0.198473 -0.015267 -0.106870 
-0.213740 -0.061069 -0.076336 
-0.259542 0.022901 0.122137 
-0.206107 -0.152672 0.167939 
-0.114504 -0.099237 -0.030534 
-0.106870 -0.229008 0.114504 
-0.068702 -0.335878 0.137405 
-0.160305 -0.022901 0.061069 
-0.274809 -0.061069 0.213740 
-0.160305 -0.076336 0.259542 
-0.206107 -0.167939 0.297710 
0.099237 -0.274809 -0.282443 
-0.251908 -0.244275 0.083969 
-0.229008 -0.114504 0.122137 
0.038168 0.122137 0.000000 
-0.305344 -0.076336 0.251908 
-0.167939 -0.061069 -0.007634 
-0.198473 -0.412214 0.366412 
-0.145038 -0.137405 0.030534 
0.007634 -0.183206 -0.083969 
-0.152672 -0.465649 0.206107 
-0.221374 -0.442748 0.000000 
-0.305344 -0.343511 0.221374 
-0.244275 -0.190840 0.297710 
-0.267176 -0.488550 0.129771 
0.030534 -0.206107 -0.030534 
-0.183206 -0.183206 -0.022901 
-0.160305 -0.297710 0.267176 
0.000000 -0.404580 0.061069 
-0.236641 -0.198473 0.129771 
-0.175573 0.061069 -0.106870 
-0.297710 -0.328244 0.022901 
-0.320611 -0.091603 0.175573 
-0.022901 -0.183206 0.221374 
-0.175573 -0.206107 -0.091603 
0.030534 -0.427481 0.106870 
-0.183206 -0.129771 0.068702 
-0.244275 -0.145038 0.274809 
-0.145038 0.015267 -0.015267 
-0.290076 0.114504 -0.083969 
-0.145038 -0.198473 0.015267 
-0.106870 -0.114504 0.152672 
-0.297710 -0.022901 0.030534 
0.022901 -0.435115 0.076336 
-0.175573 -0.206107 0.076336 
0.022901 -0.297710 0.312977 
-0.183206 -0.335878 -0.038168 
-0.213740 -0.175573 0.152672 
-0.267176 -0.030534 0.244275 
0.145038 -0.305344 0.152672 
-0.152672 -0.458015 0.015267 
-0.221374 -0.290076 0.137405 
-0.122137 -0.206107 0.091603 
-0.183206 -0.183206 0.229008 
-0.076336 -0.106870 0.053435 
-0.015267 -0.183206 0.213740 
-0.083969 -0.229008 0.030534 
-0.374046 -0.213740 0.137405 
-0.229008 -0.099237 0.068702 
-0.297710 -0.106870 0.152672 
-0.267176 -0.213740 0.053435 
-0.114504 0.007634 0.137405 
-0.297710 -0.099237 0.221374 
0.000000 -0.053435 0.122137 
-0.114504 -0.061069 0.091603 
-0.229008 -0.274809 0.129771 
-0.251908 -0.213740 0.137405 
-0.251908 -0.213740 0.091603 
-0.007634 -0.099237 0.114504 
-0.190840 -0.221374 0.015267 
-0.053435 0.000000 0.190840 
-0.030534 -0.267176 0.198473 
