Gyro_X_rot = [-0.007634 -0.007634 0.099237 
-0.183206 -0.366412 0.061069 
0.114504 -0.908397 -0.297710 
-0.778626 -0.793893 -0.786260 
-0.603053 0.038168 -0.167939 
-0.183206 1.267176 1.000000 
-0.847328 0.618321 0.030534 
-0.885496 -0.152672 0.206107 
0.015267 -1.740458 -0.770992 
1.358779 -2.114504 -1.175573 
2.122137 -2.007634 -1.374046 
0.839695 -0.351145 -1.786260 
2.183206 1.381679 -0.587786 
1.885496 1.152672 0.251908 
0.732824 0.374046 0.877863 
1.007634 -1.053435 2.190840 
2.122137 -0.725191 3.763359 
1.778626 -0.740458 3.763359 
1.938931 0.778626 4.702290 
3.091603 -1.389313 3.312977 
2.099237 5.259542 6.946565 
1.076336 5.824428 4.190840 
2.977099 5.885496 7.984733 
2.213740 3.450382 6.061069 
1.213740 2.129771 5.419847 
2.167939 2.106870 6.083970 
2.290076 1.076336 4.511450 
2.328244 0.664122 3.190840 
2.954198 -0.641221 1.076336 
3.725191 -1.839695 -0.610687 
6.709924 -2.114504 -0.083969 
6.412214 -1.549618 -2.389313 
4.992366 -1.671756 -3.793893 
2.259542 -0.282443 -4.099236 
2.832061 1.007634 -1.748092 
0.122137 0.587786 -4.389313 
0.129771 -2.908397 -5.343512 
-0.183206 -1.763359 -5.625954 
0.328244 -0.045802 -3.885496 
1.091603 2.656489 -1.938931 
3.671756 7.328244 -0.358779 
11.709924 15.496183 11.969465 
1.374046 9.274809 1.389313 
-0.931298 11.603053 -2.832061 
-1.717557 7.251908 0.816794 
-5.076336 5.572519 -4.832061 
-4.213740 6.572519 -3.580153 
-3.335878 9.351145 -2.755725 
-6.038168 2.412214 -5.305344 
-9.175572 2.480916 -6.824428 
-8.564885 -1.366412 -2.106870 
-7.740458 -2.717557 -1.541985 
-2.251908 -0.297710 2.251908 
-3.709924 -2.015267 -0.030534 
-3.206107 -4.557252 -0.427481 
-0.610687 -2.404580 0.519084 
-1.908397 -3.824427 -0.549618 
-3.389313 -3.679389 -0.259542 
-8.061069 -4.145038 -3.870229 
-12.000000 -5.587786 -9.793893 
-11.450381 -7.083970 -6.091603 
-11.473283 -6.671756 3.068702 
-6.549618 0.595420 -5.572519 
-6.725191 -4.946565 5.923664 
-6.931298 -4.022901 3.267176 
-8.748092 -3.908397 -3.412214 
-1.564885 -2.671756 2.236641 
17.419847 -4.312977 22.442749 
20.595419 1.435115 14.931297 
12.648855 33.625954 -3.969466 
-4.694656 21.511450 -48.007633 
2.839695 8.305344 -8.396947 
5.068702 6.335878 -9.526717 
5.702290 5.496183 -8.580153 
7.938931 7.175572 -0.488550 
2.519084 5.152672 -1.099237 
1.557252 0.648855 3.870229 
21.916031 12.175572 38.564884 
13.709924 -2.175573 14.641221 
8.083969 -10.732824 4.969466 
3.900763 -8.297709 2.641221 
-8.389313 -11.305344 -13.022901 
-13.526717 -1.290076 -12.847328 
-17.114504 -1.725191 -3.778626 
-19.496183 -4.900764 0.870229 
-24.427481 -5.580153 1.427481 
-36.167938 -8.183207 -2.419847 
-42.633587 -8.328244 -2.061069 
-36.656490 0.778626 -0.244275 
-43.297710 -8.061069 -8.977099 
-55.175571 -13.412213 -11.305344 
-52.320610 -17.854961 0.610687 
-48.343510 -20.709923 -2.244275 
-49.229008 -17.786259 -8.984733 
-51.251907 -18.458015 -10.648855 
-65.114502 -22.725191 -8.870229 
-83.328247 -28.473282 -4.297710 
-79.442749 -27.770992 -0.908397 
-53.312977 -8.083969 6.038168 
-36.877861 0.282443 15.465649 
-39.984734 -6.778626 8.557252 
-53.091602 -3.587786 -0.832061 
-53.274811 3.572519 6.175572 
-45.282444 16.824427 15.541985 
-41.587788 23.106871 19.709923 
-36.282444 11.183207 15.916031 
-36.725189 -0.007634 8.679389 
-44.106869 -10.045801 -1.778626 
-48.061069 -18.000000 -0.625954 
-44.206108 -17.366413 2.450382 
-45.534351 -12.984733 5.000000 
-51.709923 -13.580153 3.083969 
-55.083969 -11.160305 -4.282443 
-52.290077 -6.816794 -3.954198 
-59.557251 -10.503817 -1.175573 
-72.587784 -17.229008 2.595420 
-66.183205 -17.198473 -6.809160 
-61.687023 -10.488549 -15.282443 
-51.679390 -10.549619 -12.244275 
-51.465649 -8.068703 5.931298 
-51.061069 -12.793893 10.763359 
-57.923664 -9.931297 7.312977 
-58.053436 -13.832061 -1.320611 
-50.251907 -14.053435 4.145038 
-46.778625 -9.916031 3.931298 
-46.282444 -9.816793 5.366412 
-47.412212 -9.541985 8.549619 
-34.068703 -6.229008 2.022901 
-51.603054 8.664123 -5.076336 
-53.931297 11.541985 -9.801527 
-46.625954 19.977098 -12.167939 
-51.763359 20.290077 -13.610687 
-74.938934 3.832061 -19.473282 
-66.641220 -4.068702 -6.862596 
-37.206108 1.236641 -9.946565 
-19.351145 -5.122138 0.694656 
-20.305344 -8.053435 -0.480916 
-30.374046 -2.908397 -15.580153 
-52.076336 1.931298 -12.625955 
-62.946564 6.351145 -16.801527 
-69.145035 11.343512 -15.977099 
-84.396950 8.343512 -3.671756 
-98.923668 -0.229008 -7.709924 
-81.801529 7.351145 -14.015267 
-78.572517 10.625955 -18.404581 
-111.954201 3.633588 -10.961832 
-123.946564 2.755725 -6.847328 
-107.221375 9.854961 -11.786260 
-81.000000 11.923664 -12.053435 
-79.557251 2.358779 -12.587787 
-89.549622 3.419847 -15.480916 
-98.709923 0.374046 -15.603053 
-113.167938 -0.580153 -17.000000 
-109.732826 0.931298 -14.297709 
-119.687019 -2.549618 -17.671755 
-118.938934 2.083969 -11.259542 
-105.725189 -2.755725 -4.221374 
-107.854965 -11.061069 -1.832061 
-102.862595 -13.610687 1.992366 
-103.000000 -15.007633 -0.595420 
-92.152672 -8.343512 -1.335878 
-86.687019 -7.007634 -0.618321 
-75.190842 -14.312977 2.687023 
-62.282444 -15.496183 0.610687 
-60.572517 -16.175573 2.068702 
-71.603050 -16.160305 -1.786260 
-74.961830 -12.664123 -9.106871 
-83.145035 -12.312977 -7.908397 
-92.274811 -19.496183 -3.106870 
-91.847328 -21.480917 -3.534351 
-76.641220 -9.519084 -2.969466 
-73.534348 -5.618320 -2.641221 
-79.740456 -4.305344 -3.122137 
-83.145035 -1.862595 -2.595420 
-92.587784 -6.519084 -3.923664 
-87.870232 -3.396947 -4.641222 
-77.877861 2.259542 -1.633588 
-70.977097 4.442748 3.251908 
-71.984734 -3.335878 4.961832 
-72.221375 -13.412213 4.854962 
-63.022900 -11.977099 7.320611 
-62.061069 -14.114504 8.251908 
-59.137405 -13.389313 10.885496 
-57.335876 -13.625955 13.900764 
-59.465649 -9.816793 9.992367 
-62.603054 -4.786260 7.419847 
-64.374046 -10.297709 4.770992 
-71.977097 -9.297709 2.374046 
-76.091606 -7.671756 4.740458 
-79.954201 -5.305344 2.946565 
-71.458015 2.992366 5.068702 
-68.389313 0.450382 1.114504 
-74.435112 1.656489 -2.366412 
-84.916031 -0.770992 -5.832061 
-89.763359 -8.603053 -7.458015 
-92.236641 -8.274809 -6.213740 
-74.259544 -0.824427 -7.114504 
-71.526718 -1.404580 -6.305344 
-71.587784 -4.603054 -5.290076 
-66.114502 -11.923664 -4.549618 
-66.992363 -10.419847 -6.870229 
-60.419846 0.229008 -9.503817 
-67.969467 -2.694656 -12.473283 
-64.656487 -4.305344 -8.496183 
-56.435116 -1.106870 -8.770992 
-56.351147 7.114504 -13.259542 
-62.473282 10.984733 -12.458015 
-71.519081 -0.580153 -15.251908 
-79.847328 -5.129771 -10.954199 
-68.061066 10.206107 -6.473282 
-57.152672 26.099237 -1.145038 
-37.885498 30.312977 0.732824 
-22.396946 29.145039 1.442748 
-28.870230 30.465649 -0.068702 
-26.404581 29.694656 -0.816794 
-16.229008 25.061069 -9.809160 
-10.702291 21.763359 -15.106871 
-24.541985 10.435115 -27.541985 
-52.740459 4.068702 -41.900764 
-12.099236 -8.526717 -50.198475 
-47.992367 -17.374046 -43.625954 
-59.396946 -25.000000 -31.435114 
-67.229004 -35.824429 -17.099237 
-64.587784 -43.725189 -3.633588 
-73.221375 -39.702290 3.213740 
-64.206108 -27.030535 5.343512 
-63.961834 -14.122137 9.206107 
-83.129768 -10.496183 14.145039 
-91.358780 -16.595419 16.900763 
-99.137405 -21.519083 18.358778 
-110.702293 -18.427481 11.816793 
-92.435112 -14.412213 8.755725 
-73.053436 -12.343512 22.526718 
-81.320610 -11.656488 16.847328 
-72.068703 -15.251908 7.526718 
-64.595421 -17.541985 2.977099 
-71.274811 -13.763359 -5.748092 
-82.557251 -13.694656 -11.030535 
-84.473282 -11.183207 -10.145039 
-80.725189 -4.083970 -8.862596 
-86.503815 -1.664122 -8.106871 
-91.541985 -4.007634 -13.938931 
-84.916031 -9.320611 -18.770992 
-76.473282 -6.274809 -12.824428 
-66.770996 4.694656 0.076336 
-58.145039 11.458015 7.809160 
-65.603050 5.473282 7.870229 
-68.320610 -3.419847 0.671756 
-65.893127 -0.564885 0.610687 
-63.809162 12.129771 5.656488 
-70.541985 25.557251 7.572519 
-67.748093 27.770992 6.725191 
-63.778625 20.221375 6.312977 
-63.007633 1.541985 4.343512 
